110.000000,150.000000
108.475975,148.877701	-3.117500,4.233400,0
106.803917,147.049088	-5.079493,4.644614,1
105.330719,145.540665	-4.190055,4.092227,6
103.944801,143.961655	-4.386148,3.849768,7
102.564064,142.190353	-4.920280,3.835383,8
101.041000,140.187363	-5.563845,4.230731,9
97.352287,139.906815	-0.779283,10.246427,24
100.752586,144.087875	11.614069,-9.445265,36
104.541031,147.824707	10.380067,-10.523466,37
107.830177,150.405579	7.169071,-9.136522,38
110.418564,152.417389	5.588364,-7.189973,39
112.527893,154.096664	4.664636,-5.859258,40
114.462898,155.670822	4.372652,-5.375008,41
116.483932,157.115616	4.013312,-5.613979,42
118.724861,158.316711	3.336390,-6.224808,43
121.163681,159.239029	2.562009,-6.774508,44
123.568832,159.915237	1.878373,-6.680973,45
125.616081,160.509079	1.649558,-5.686795,46
127.320198,161.017654	1.412730,-4.733647,47
128.803558,161.304260	0.796108,-4.120446,48
130.102570,161.336121	0.088486,-3.608371,49
131.171158,161.290680	-0.126219,-2.968291,50
131.992599,161.438232	0.409857,-2.281788,51
132.572342,162.226791	2.190436,-1.610405,52
133.034622,163.742538	4.210415,-1.284129,53
133.694717,165.785126	5.673873,-1.833577,54
134.465225,167.355743	4.362818,-2.140286,55
135.158920,168.203232	2.354151,-1.926916,56
135.786713,168.581360	1.050345,-1.743850,57
136.160904,169.096985	1.432312,-1.039430,58
136.284409,169.977264	2.445238,-0.343053,59
136.344620,171.082626	3.070458,-0.167266,60
136.623642,171.863998	2.170475,-0.775066,61
137.118393,172.257172	1.092152,-1.374319,62
137.725342,172.446442	0.525762,-1.685988,63
138.075073,172.903824	1.270493,-0.971469,64
137.875977,173.861984	2.661574,0.553051,65
137.218582,175.269653	3.910193,1.826100,66
136.662720,176.648788	3.830915,1.544048,67
136.299637,177.754059	3.070183,1.008554,68
136.110886,178.508820	2.096560,0.524290,69
136.054718,178.941528	1.201969,0.156008,70
136.164932,179.160690	0.608787,-0.306138,71
136.469528,179.267975	0.298019,-0.846087,72
137.002655,179.344437	0.212407,-1.480917,73
137.678864,179.461975	0.326514,-1.878345,74
138.339569,179.674820	0.591242,-1.835303,75
138.725281,179.945496	0.751856,-1.071402,76
138.818481,180.287094	0.948870,-0.258872,77
138.798309,180.719299	1.200584,0.056022,78
139.029129,181.287857	1.579345,-0.641171,79
139.562653,181.901245	1.703858,-1.482030,80
140.219208,182.397736	1.379134,-1.823766,81
140.612671,182.553574	0.432876,-1.092955,82
140.436966,182.420517	-0.369587,0.488083,83
139.569992,182.216141	-0.567724,2.408252,84
138.180954,182.318619	0.284668,3.858423,85
136.675400,182.726791	1.133814,4.182104,86
135.310577,183.310959	1.622692,3.791166,87
134.786438,183.784103	1.314292,1.455938,88
135.570099,183.840164	0.155729,-2.176852,89
137.528976,183.274078	-1.572471,-5.441348,90
140.012344,182.083923	-3.305966,-6.898264,91
142.674820,179.816711	-6.297799,-7.395753,92
142.416092,180.167770	0.975170,0.718697,96
142.001678,181.147354	2.721050,1.151166,97
141.684769,181.906799	2.109583,0.880305,98
141.656677,182.025330	0.329257,0.078019,99
141.467468,181.814560	-0.585460,0.525595,100
140.929779,181.320297	-1.372959,1.493598,101
140.411346,180.778931	-1.503810,1.440079,102
140.067963,180.422348	-0.990486,0.953847,103
140.052261,180.302734	-0.332241,0.043602,104
140.165054,180.299271	-0.009640,-0.313306,105
140.129898,180.460052	0.446607,0.097669,106
139.654861,180.534286	0.206202,1.319559,107
138.786545,180.507980	-0.073058,2.412012,108
138.054443,180.576477	0.190263,2.033594,109
137.671951,180.729034	0.423783,1.062481,110
137.419922,180.623383	-0.293457,0.700065,111
136.816879,180.709213	0.238431,1.675112,112
135.719162,180.951752	0.673697,3.049195,113
134.193771,180.774887	-0.491286,4.237189,114
132.920609,180.921341	0.406803,3.536580,115
131.787415,181.046234	0.346912,3.147763,116
130.745651,181.374756	0.912561,2.893780,117
129.525024,181.722443	0.965790,3.390630,118
127.888176,181.715027	-0.020617,4.546800,119
125.813759,180.652695	-2.950911,5.762272,120
124.875320,181.317352	1.846268,2.606774,126
124.383377,182.331375	2.816711,1.366502,127
124.068146,183.339706	2.800916,0.875638,128
123.506119,183.916031	1.600897,1.561181,129
122.362602,183.710388	-0.571210,3.176444,130
120.494774,182.716293	-2.761389,5.188413,131
120.126160,183.782440	2.961529,1.023927,138
119.975990,184.977142	3.318630,0.417146,139
119.677742,185.877075	2.499812,0.828465,140
119.079292,186.403488	1.462270,1.662363,141
118.014023,186.604828	0.559271,2.959078,142
116.487984,186.466919	-0.383072,4.238995,143
114.600487,186.059845	-1.130764,5.243054,144
112.560844,185.373520	-1.906466,5.665683,145
110.761597,184.421967	-2.643187,4.997905,146
109.151588,183.359711	-2.950693,4.472236,147
107.463188,182.777206	-1.618068,4.689994,148
105.587646,182.565475	-0.588147,5.209835,149
103.224739,182.580948	0.042994,6.563622,150
100.191666,182.297684	-0.786827,8.425209,151
97.026329,181.380814	-2.546882,8.792606,152
96.906380,183.461334	5.779206,0.333198,156
96.581345,185.254776	4.981764,0.902871,157
95.148941,186.035889	2.169737,3.978901,158
92.858162,186.142578	0.296372,6.363283,159
91.041397,186.333649	0.530753,5.046573,160
89.745750,187.024246	1.918312,3.599020,161
89.071487,188.141861	3.104489,1.872957,162
88.659790,189.388306	3.462354,1.143600,163
88.187317,190.530090	3.171612,1.312432,164
87.347206,191.402496	2.423340,2.333644,165
86.389679,192.366318	2.677274,2.659807,166
85.786797,193.853775	4.131821,1.674677,167
85.275940,195.743240	5.248528,1.419054,168
84.722954,197.623566	5.223108,1.536067,169
84.567520,199.090805	4.075646,0.431757,170
84.586487,200.209930	3.108674,-0.052695,171
84.590996,201.546875	3.713730,-0.012534,172
84.814049,203.236160	4.692447,-0.619596,173
85.213966,205.170395	5.372882,-1.110886,174
85.517723,207.227661	5.714619,-0.843766,175
85.674324,209.131027	5.287119,-0.435012,176
85.812592,210.794922	4.621935,-0.384066,177
85.949203,212.359283	4.345460,-0.379473,178
86.084854,214.018707	4.609495,-0.376805,179
