110,150,0,0,0,0
112.08,148.88,-3.1175,4.2334,0,23.599
113.92,147.63,-3.475,4.8905,1,22.245
115.78,146.29,-3.7111,4.8142,2,22.957
118.06,145.13,-3.2352,3.6867,3,25.538
121.18,144.37,-2.0869,1.3332,4,32.092
124.79,143.91,-1.2838,-0.053978,5,36.488
128.41,143.35,-1.5706,-0.032938,6,36.559
131.64,142.73,-1.7233,1.0088,7,32.957
134.67,142.17,-1.5356,1.5991,8,30.744
137.45,141.71,-1.2884,2.2825,9,28.167
140.06,140.87,-2.3457,2.7352,10,27.483
142.54,139.76,-3.0622,3.1085,11,27.148
144.97,138.68,-3.0203,3.252,12,26.615
147.43,137.58,-3.0427,3.18,13,26.885
149.92,136.35,-3.4073,3.0752,14,27.783
152.54,135.08,-3.5396,2.7217,15,29.136
155.38,134.05,-2.8562,2.1206,16,30.172
158.3,133.56,-1.3773,1.8799,17,29.65
161.41,133.73,0.48221,1.3547,18,31.171
164.94,134.25,1.459,0.21305,19,35.622
168.42,135.06,2.2406,0.32928,20,35.737
171.5,136.19,3.1419,1.439,21,32.83
175.26,137.68,4.141,-0.45371,22,40.478
180.88,139.21,4.2405,-5.6069,23,58.222
188.24,140.45,3.4388,-10.432,24,74.59
195.89,141.47,2.84,-11.249,25,77.177
202.92,142.04,1.5945,-9.5328,26,70.552
210.18,141.98,-0.18224,-10.174,27,72.628
217.98,141.63,-0.95868,-11.669,28,78.084
225.29,141.36,-0.74938,-10.302,29,73.137
231.44,141.45,0.23196,-7.083,30,61.504
236.74,141.61,0.46102,-4.7246,31,53.035
241.57,142.07,1.267,-3.4105,32,48.493
246.6,142.99,2.5653,-3.985,33,51.186
251.77,144.02,2.853,-4.3675,34,52.733
256.17,144.6,1.6008,-2.214,35,44.347
259.21,145.58,2.7423,1.5532,36,31.971
262.1,148.21,7.3077,1.9875,37,39.04
265.79,151.5,9.1152,-0.24471,38,49.366
270.05,153.74,6.2473,-1.853,39,48.235
275.44,154.9,3.2022,-4.9786,40,55.141
282.03,155.46,1.5614,-8.2839,41,66.061
288.58,155.7,0.6609,-8.1932,42,65.539
294.42,155.88,0.49961,-6.2432,43,58.503
299.89,156.79,2.5218,-5.1876,44,55.424
305.65,158.75,5.4516,-5.9832,45,60.795
311.86,161.35,7.2297,-7.2523,46,67.341
318.55,164.73,9.3861,-8.6002,47,75.003
326.06,168.54,10.588,-10.842,48,84.16
334.13,172.67,11.472,-12.431,49,90.701
342.17,177.02,12.09,-12.34,50,91.446
349.12,178.49,4.0683,-9.2929,54,70.982
355.39,178.65,0.44991,-7.4066,55,62.685
361.12,178.6,-0.14389,-5.9183,56,57.308
366.55,179.31,1.9682,-5.0851,57,54.767
372.3,181.88,7.1494,-5.977,58,63.013
378.48,186.64,13.22,-7.182,59,78.045
386.6,189.03,6.6467,-12.542,66,84.604
394.63,191.05,5.6044,-12.313,67,82.821
402.26,193.4,6.5173,-11.194,68,79.826
408.95,195.27,5.1946,-8.5913,69,69.492
414.95,195.98,1.9929,-6.6422,70,60.34
420.59,195.71,-0.75488,-5.668,71,56.47
426.24,195.37,-0.93962,-5.6934,72,56.597
432.14,195.55,0.48833,-6.4066,73,59.09
428.86,194.01,-4.2685,-0.89225,74,36.21
426.16,192.63,-3.8497,-2.4814,75,30.409
431.94,192.14,-1.3614,-6.0782,76,58.089
429.84,191.32,-2.2688,-4.1428,77,22.613
427.68,190.1,-3.4027,-4.0064,78,24.811
434.75,188.15,-5.4116,-9.6416,79,73.344
432.31,186.75,-3.8773,-3.2262,80,28.098
429.78,185.82,-2.5761,-2.9741,81,26.94
427.22,185.44,-1.0712,-2.8774,82,25.93
432.68,187.1,4.6168,-5.1764,83,57.107
430.36,186.93,-0.46286,-3.5405,84,23.314
428.03,186.64,-0.82199,-3.5277,85,23.488
432.26,189.31,7.409,-1.7614,86,50.042
430.32,188.91,-1.1058,-4.6058,87,19.823
428.38,188.81,-0.2672,-4.614,88,19.413
432.42,190.55,4.8425,-1.2245,89,44.008
430.17,189.46,-3.0348,-3.7488,90,25.016
427.84,187.9,-4.3379,-3.5369,91,28.022
430.82,191.21,9.1867,1.718,92,44.528
428,189.38,-5.0865,-2.1524,93,33.667
431.97,191.08,4.7285,-1.0213,94,43.174
429.31,190.14,-2.6064,-2.6147,95,28.194
427.04,189.16,-2.734,-3.7024,96,24.716
432.73,188.13,-2.8498,-5.7916,97,57.768
431.11,186.07,-5.734,-5.5066,98,26.225
428.86,183.77,-6.3835,-3.7581,99,32.141
425.65,181.74,-5.6219,-1.0906,100,37.925
426.81,182.29,1.5141,6.781,101,12.806
432.4,183.12,2.3161,-5.5201,108,56.491
429.48,181.03,-5.8018,-1.9023,109,35.862
426.58,178.96,-5.7487,-1.9243,110,35.686
432.21,178.6,-1.0166,-5.6445,111,56.439
428.96,176.04,-7.0963,-0.96666,112,41.354
425.5,173.44,-7.2222,-0.4098,113,43.22
431.5,172.02,-3.9581,-6.6671,114,61.67
427.88,169.16,-7.9506,0.059061,115,46.158
433.64,167.4,-4.8662,-5.9936,116,60.183
429.79,164.76,-7.3389,0.70864,117,46.735
425.91,162.2,-7.1064,0.76127,118,46.425
431.13,161.29,-2.546,-4.5078,119,53.026
427.08,158.63,-7.3865,1.2706,120,48.512
431.78,158.21,-1.1592,-3.0575,121,47.192
427.92,155.61,-7.2376,0.71321,122,46.544
431.95,155.76,0.4386,-1.205,123,40.369
427.63,153.85,-5.3028,2.0182,124,47.29
430.33,155.75,5.2538,2.4943,125,32.983
425.77,153.73,-5.6032,2.6549,126,49.824
427.96,156.17,6.7811,3.933,127,32.756
430.23,158.26,5.7958,3.6967,128,30.827
426.06,156.23,-5.6247,1.5713,129,46.318
434.48,161.32,14.13,-13.38,144,98.345
428.52,161.4,0.21571,6.5553,145,59.604
426.13,164.22,7.8378,-3.3537,146,36.995
434.06,169.68,15.184,-12.037,147,96.342
429.52,170.57,2.4613,2.617,148,46.278
425.4,171.16,1.6405,1.4314,149,41.575
432.93,175.1,10.937,-10.906,150,84.938
429.29,175.35,0.71219,0.11527,151,36.505
425.32,175.57,0.61019,1.016,152,39.718
432.26,179.36,10.511,-9.2721,153,79.028
428.34,180.11,2.0917,0.89056,154,39.923
431.23,181.94,5.0814,1.9823,155,34.172
426.88,182.56,1.7263,2.0781,156,43.923
434.86,186.41,10.693,-12.162,168,88.585
432.84,185.53,-2.4379,-4.4156,169,21.936
430.67,184.5,-2.8706,-3.9447,170,24.124
428.56,183.47,-2.8732,-4.1495,171,23.465
