-2.185376
1.698386
-3.416998
6.035698
-1.854943
3.777253
-2.331980
2.207713
1.821686
-0.441011
-0.196282
0.194345
0.098123
-0.055916
0.416205
1.011622
1.657354
2.343176
-0.451516
-0.558603
-1.457847
-2.499692
-3.533020
-4.341400
-1.769951
0.153612
-1.465571
-2.990275
0.821447
-1.687629
-2.443337
-0.820940
-3.121348
-5.915083
0.736537
-0.716956
-8.555841 Found value -8.555841
-7.862854 Found value -7.862854
-7.306334 Found value -7.306334
-6.910564
-6.579153
-4.364578
-2.589219
-4.515593
-6.042078
-5.128300
-2.779143
6.083964
-10.973398 Found value -10.973398
-4.448797
3.106278
-2.939841
-5.956319
-6.650286
-1.672890
-0.246997
-1.416418
1.759664
1.924094
1.221185
-2.224083
-2.398424
1.517433
-0.724703
1.956405
-1.804243
-2.261230
0.113314
3.294781
-4.045305
-4.340096
-3.266031
-6.745914
-6.278526
-5.997049
-5.290563
4.759959
4.077019
1.295131
-0.057467
4.087527
-1.213516
-0.237309
-0.321512
4.040825
-4.693353
5.071492
1.137957
2.850775
0.385947
-6.589664
3.038537
-3.206869
1.665238
-2.544854
2.578652
6.178484
-10.228930 Found value -10.228930
-3.001158
-7.743755
Found value -7.743755
-5.766289
0.449844
0.000263
0.008135
0.098092
0.268353
0.523954
0.841905
-0.269867
1.448856
1.259214
1.050619
0.810875
0.556931
0.676868
0.437435
0.223285
0.104166
0.026825
-0.004216
-0.729031
-1.256935
-1.446172
-1.223449
0.055422
-1.744640
3.039358
2.863897
2.609721
2.395018
2.237157
2.141905
2.342997
-1.967461
1.061054
2.484891
3.173007
-3.375622
2.437572
0.649409
-1.501137
-3.986046
1.336361
2.434263
-2.736664
-2.747567
-2.525517
-2.171397
-0.791095
0.162414
-1.208332
-1.326174
-1.539040
-1.258424
-1.691510
-1.769724
0.205283
0.181842
0.144891
0.082551
-0.038000
-0.183574
-0.173023
-0.164466
-0.190888
-0.179691
-0.023540
0.205160
1.073871
0.726472
0.381483
0.055600
-0.240428
-0.498217
