6.96 7.16 7.34 7.51 7.73 8.05 8.49 9.02 9.59 10.1 10.4 10.4 10.2 9.7 9.02 8.28 7.61 7.09 6.78 6.69 6.74 6.85 6.95 7.01 7.03 7.08 7.19 7.38 7.59 7.75 7.79 7.68 7.45 7.15 6.83 6.52 6.21 5.88 5.48 4.99 4.39 3.73 3.04 2.37 1.77 1.29 0.945 0.729 0.635 0.647 0.743 0.894 1.05 1.16 1.18 1.09 0.916 0.732 0.594 0.515 0.454 0.335 0.0882 -0.308 -0.814 -1.37 -1.94 -2.51 -3.12 -3.78 -4.46 -5.04 -5.37 -5.34 -4.9 -4.13 -3.16 -2.2 -1.4 -0.874 -0.686 -0.826 -1.23 -1.79 -2.37 -2.84 -3.14 -3.29 -3.37 -3.51 -3.8 -4.21 -4.63 -4.92 -4.98
8.19 8.17 7.97 7.69 7.46 7.4 7.54 7.86 8.25 8.6 8.81 8.82 8.65 8.32 7.86 7.32 6.74 6.15 5.61 5.17 4.85 4.63 4.51 4.46 4.5 4.65 4.92 5.25 5.58 5.8 5.84 5.69 5.41 5.07 4.76 4.51 4.3 4.1 3.86 3.56 3.19 2.75 2.26 1.75 1.25 0.822 0.476 0.216 0.0353 -0.0651 -0.0697 0.0446 0.274 0.567 0.829 0.97 0.943 0.771 0.517 0.235 -0.0641 -0.425 -0.894 -1.48 -2.13 -2.76 -3.3 -3.72 -4.05 -4.33 -4.59 -4.82 -4.97 -5.03 -4.97 -4.81 -4.53 -4.1 -3.51 -2.78 -2.04 -1.44 -1.16 -1.26 -1.7 -2.3 -2.84 -3.16 -3.26 -3.25 -3.31 -3.56 -3.96 -4.37 -4.57
6.58 6.17 5.73 5.31 4.96 4.67 4.44 4.22 4.01 3.84 3.77 3.86 4.14 4.56 5.02 5.36 5.49 5.38 5.09 4.71 4.35 4.08 3.89 3.78 3.74 3.76 3.88 4.08 4.31 4.48 4.53 4.41 4.18 3.89 3.61 3.38 3.2 3.03 2.86 2.66 2.43 2.16 1.83 1.46 1.09 0.791 0.575 0.433 0.323 0.218 0.138 0.139 0.267 0.502 0.746 0.867 0.772 0.456 -0.00467 -0.511 -1 -1.48 -1.97 -2.48 -3 -3.45 -3.81 -4.07 -4.24 -4.34 -4.4 -4.41 -4.44 -4.55 -4.84 -5.31 -5.86 -6.28 -6.38 -6.04 -5.31 -4.35 -3.42 -2.7 -2.28 -2.13 -2.12 -2.11 -2.03 -1.92 -1.87 -2 -2.3 -2.7 -3.05
4.7 4.16 3.62 3.12 2.67 2.23 1.75 1.24 0.736 0.364 0.263 0.53 1.16 2.03 2.93 3.65 4.07 4.2 4.14 4 3.89 3.83 3.79 3.7 3.55 3.35 3.18 3.11 3.13 3.2 3.23 3.17 3.02 2.84 2.71 2.66 2.67 2.7 2.69 2.59 2.41 2.14 1.81 1.46 1.15 0.906 0.759 0.678 0.614 0.531 0.439 0.385 0.391 0.424 0.381 0.162 -0.264 -0.824 -1.38 -1.84 -2.16 -2.42 -2.69 -3 -3.32 -3.62 -3.86 -4.09 -4.35 -4.65 -4.91 -5.05 -5.08 -5.05 -5.13 -5.43 -5.97 -6.65 -7.27 -7.68 -7.71 -7.32 -6.46 -5.21 -3.66 -2.03 -0.533 0.645 1.38 1.66 1.51 1.03 0.361 -0.346 -0.953
2.53 2.17 1.71 1.18 0.608 0.0241 -0.555 -1.12 -1.61 -1.93 -1.94 -1.57 -0.849 0.0483 0.912 1.58 2.01 2.28 2.48 2.68 2.9 3.1 3.22 3.22 3.07 2.81 2.49 2.2 2 1.9 1.86 1.82 1.74 1.63 1.55 1.54 1.62 1.74 1.83 1.86 1.8 1.66 1.47 1.24 1.01 0.82 0.702 0.651 0.637 0.619 0.562 0.441 0.223 -0.136 -0.663 -1.32 -1.99 -2.52 -2.78 -2.79 -2.7 -2.71 -2.95 -3.39 -3.87 -4.22 -4.38 -4.41 -4.43 -4.56 -4.74 -4.9 -4.91 -4.77 -4.55 -4.38 -4.34 -4.49 -4.77 -5.13 -5.46 -5.6 -5.39 -4.71 -3.54 -2 -0.324 1.25 2.53 3.37 3.7 3.53 2.93 2.11 1.29
0.641 0.194 -0.296 -0.824 -1.32 -1.74 -2.06 -2.31 -2.49 -2.54 -2.37 -1.94 -1.33 -0.688 -0.169 0.183 0.447 0.748 1.15 1.61 2.05 2.4 2.67 2.89 3.03 3.02 2.79 2.36 1.84 1.37 1.06 0.918 0.871 0.844 0.794 0.728 0.672 0.646 0.66 0.71 0.769 0.79 0.72 0.543 0.301 0.0799 -0.0335 -0.0112 0.0985 0.194 0.162 -0.0772 -0.549 -1.22 -1.98 -2.68 -3.17 -3.34 -3.22 -2.97 -2.79 -2.86 -3.21 -3.71 -4.15 -4.37 -4.31 -4.09 -3.87 -3.76 -3.8 -3.9 -3.94 -3.86 -3.65 -3.39 -3.11 -2.86 -2.65 -2.51 -2.47 -2.55 -2.69 -2.82 -2.82 -2.59 -2.04 -1.16 -0.000957 1.24 2.3 2.91 2.95 2.56 2.01
-0.0818 -0.582 -1.16 -1.75 -2.28 -2.66 -2.84 -2.81 -2.59 -2.17 -1.58 -0.898 -0.309 0.0269 0.0725 -0.0437 -0.0902 0.107 0.541 1.05 1.46 1.73 1.97 2.29 2.71 3.07 3.16 2.85 2.24 1.54 0.956 0.6 0.451 0.422 0.43 0.421 0.37 0.284 0.192 0.123 0.078 0.0139 -0.126 -0.357 -0.619 -0.816 -0.87 -0.799 -0.7 -0.708 -0.922 -1.37 -2 -2.7 -3.33 -3.77 -3.95 -3.93 -3.81 -3.74 -3.8 -3.98 -4.18 -4.29 -4.25 -4.07 -3.8 -3.53 -3.31 -3.16 -3.05 -2.93 -2.8 -2.67 -2.61 -2.67 -2.83 -3.01 -3.1 -3.04 -2.85 -2.63 -2.46 -2.42 -2.48 -2.56 -2.52 -2.26 -1.73 -1 -0.272 0.255 0.481 0.494 0.518
0.912 0.544 0.0436 -0.532 -1.12 -1.66 -2.08 -2.3 -2.27 -1.95 -1.42 -0.835 -0.409 -0.272 -0.389 -0.562 -0.538 -0.174 0.458 1.13 1.61 1.83 1.92 2.06 2.33 2.62 2.75 2.57 2.08 1.44 0.807 0.282 -0.0911 -0.306 -0.375 -0.341 -0.277 -0.257 -0.314 -0.423 -0.544 -0.66 -0.782 -0.915 -1.03 -1.09 -1.09 -1.12 -1.27 -1.58 -2.05 -2.63 -3.26 -3.88 -4.43 -4.85 -5.11 -5.24 -5.32 -5.41 -5.52 -5.58 -5.5 -5.24 -4.85 -4.41 -4.02 -3.75 -3.59 -3.5 -3.39 -3.22 -2.99 -2.78 -2.71 -2.82 -3.11 -3.48 -3.79 -3.97 -3.99 -3.88 -3.65 -3.34 -3 -2.73 -2.59 -2.59 -2.67 -2.73 -2.67 -2.47 -2.14 -1.7 -1.17
2.17 2.2 2.02 1.65 1.12 0.458 -0.225 -0.795 -1.14 -1.21 -1.08 -0.85 -0.659 -0.565 -0.553 -0.532 -0.388 -0.0511 0.465 1.04 1.52 1.8 1.89 1.9 1.92 1.97 1.97 1.81 1.44 0.935 0.383 -0.129 -0.55 -0.842 -0.974 -0.949 -0.834 -0.723 -0.677 -0.692 -0.722 -0.73 -0.721 -0.711 -0.714 -0.738 -0.817 -1.01 -1.36 -1.87 -2.5 -3.21 -3.98 -4.8 -5.59 -6.26 -6.74 -7.03 -7.21 -7.34 -7.44 -7.5 -7.47 -7.31 -6.99 -6.52 -5.98 -5.48 -5.15 -4.98 -4.87 -4.7 -4.39 -4.02 -3.69 -3.45 -3.31 -3.22 -3.24 -3.44 -3.84 -4.28 -4.5 -4.3 -3.69 -2.97 -2.5 -2.54 -3.05 -3.73 -4.27 -4.44 -4.21 -3.65 -2.9
1.4 2.18 2.75 2.93 2.62 1.9 0.981 0.141 -0.411 -0.642 -0.676 -0.679 -0.751 -0.87 -0.958 -0.955 -0.846 -0.634 -0.314 0.0957 0.518 0.829 0.939 0.886 0.801 0.782 0.801 0.721 0.433 -0.0418 -0.577 -1.04 -1.38 -1.6 -1.7 -1.68 -1.56 -1.4 -1.26 -1.16 -1.06 -0.94 -0.802 -0.692 -0.651 -0.693 -0.823 -1.06 -1.42 -1.96 -2.67 -3.56 -4.6 -5.67 -6.6 -7.25 -7.62 -7.83 -8.04 -8.33 -8.69 -9.04 -9.32 -9.47 -9.4 -9.07 -8.52 -7.93 -7.45 -7.14 -6.86 -6.47 -5.93 -5.31 -4.73 -4.14 -3.43 -2.57 -1.77 -1.34 -1.5 -2.11 -2.77 -3.03 -2.81 -2.37 -2.15 -2.46 -3.22 -4.14 -4.84 -5.15 -5.09 -4.72 -4.12
0.0288 0.847 1.71 2.36 2.59 2.29 1.58 0.749 0.0882 -0.242 -0.314 -0.373 -0.617 -1.05 -1.5 -1.75 -1.73 -1.53 -1.26 -1 -0.773 -0.621 -0.591 -0.665 -0.737 -0.709 -0.615 -0.622 -0.876 -1.36 -1.89 -2.29 -2.49 -2.55 -2.52 -2.41 -2.21 -1.98 -1.8 -1.71 -1.66 -1.57 -1.42 -1.25 -1.16 -1.17 -1.31 -1.57 -2.01 -2.63 -3.44 -4.39 -5.39 -6.3 -6.98 -7.37 -7.57 -7.77 -8.13 -8.66 -9.22 -9.67 -9.94 -10 -9.96 -9.72 -9.37 -9.01 -8.77 -8.64 -8.54 -8.33 -8.01 -7.64 -7.26 -6.77 -6.02 -4.99 -3.87 -3.02 -2.75 -3.09 -3.81 -4.58 -5.13 -5.43 -5.61 -5.8 -6 -6.06 -5.86 -5.41 -4.87 -4.39 -3.98
-0.706 -0.425 0.00648 0.559 1.13 1.51 1.49 1.02 0.329 -0.241 -0.482 -0.501 -0.595 -0.962 -1.52 -2.01 -2.23 -2.21 -2.13 -2.12 -2.17 -2.22 -2.26 -2.3 -2.32 -2.26 -2.15 -2.1 -2.25 -2.62 -3.03 -3.3 -3.36 -3.28 -3.15 -2.97 -2.73 -2.48 -2.32 -2.31 -2.37 -2.38 -2.28 -2.13 -2.04 -2.07 -2.26 -2.63 -3.23 -4.01 -4.88 -5.67 -6.28 -6.67 -6.92 -7.11 -7.35 -7.7 -8.18 -8.7 -9.14 -9.4 -9.49 -9.49 -9.48 -9.53 -9.64 -9.83 -10.1 -10.3 -10.5 -10.5 -10.3 -9.84 -9.17 -8.48 -7.98 -7.84 -8.08 -8.57 -9.13 -9.67 -10.2 -10.7 -11 -11 -10.5 -9.66 -8.69 -7.74 -6.85 -5.98 -5.13 -4.39 -3.84
-1.18 -1.02 -0.749 -0.343 0.225 0.829 1.21 1.14 0.686 0.12 -0.268 -0.417 -0.514 -0.792 -1.32 -1.96 -2.47 -2.75 -2.83 -2.82 -2.82 -2.86 -2.99 -3.22 -3.45 -3.57 -3.49 -3.32 -3.26 -3.43 -3.73 -3.92 -3.88 -3.68 -3.47 -3.29 -3.11 -2.92 -2.82 -2.9 -3.09 -3.22 -3.17 -3.02 -2.95 -3.11 -3.52 -4.12 -4.83 -5.58 -6.23 -6.68 -6.87 -6.9 -6.93 -7.1 -7.43 -7.85 -8.24 -8.54 -8.7 -8.76 -8.79 -8.87 -9.09 -9.53 -10.2 -11 -12 -12.9 -13.8 -14.4 -14.6 -14 -12.7 -11 -9.61 -9.2 -9.87 -11.3 -12.8 -13.9 -14.6 -14.9 -14.8 -14.2 -13.2 -11.8 -10.2 -8.87 -7.75 -6.82 -5.94 -5.05 -4.21
-1.1 -1.19 -0.997 -0.559 -0.0158 0.428 0.633 0.636 0.584 0.548 0.466 0.261 -0.053 -0.421 -0.856 -1.42 -2.07 -2.66 -3.02 -3.13 -3.13 -3.19 -3.38 -3.64 -3.84 -3.86 -3.67 -3.43 -3.37 -3.63 -4.06 -4.36 -4.31 -4 -3.61 -3.27 -2.94 -2.61 -2.43 -2.57 -3 -3.42 -3.55 -3.39 -3.23 -3.41 -4 -4.83 -5.61 -6.19 -6.53 -6.71 -6.79 -6.86 -7.01 -7.28 -7.64 -8.01 -8.3 -8.46 -8.45 -8.34 -8.18 -8.04 -7.94 -7.89 -7.98 -8.28 -8.9 -9.88 -11.3 -12.9 -14.7 -15.9 -16.3 -15.8 -14.6 -13.5 -12.9 -13.2 -14.2 -15.6 -17 -17.8 -17.9 -17.4 -16.3 -14.9 -13.1 -11.2 -9.36 -7.78 -6.48 -5.43 -4.57
-0.0939 -0.443 -0.73 -0.656 -0.244 0.0975 0.0269 -0.323 -0.514 -0.33 -0.00467 0.126 0.00741 -0.182 -0.382 -0.743 -1.38 -2.13 -2.7 -2.97 -3.09 -3.25 -3.48 -3.68 -3.77 -3.73 -3.65 -3.59 -3.66 -3.91 -4.25 -4.49 -4.48 -4.24 -3.91 -3.5 -2.95 -2.26 -1.67 -1.51 -1.88 -2.47 -2.84 -2.85 -2.69 -2.76 -3.22 -3.91 -4.55 -4.96 -5.17 -5.28 -5.4 -5.54 -5.7 -5.87 -6.05 -6.24 -6.41 -6.47 -6.34 -6 -5.52 -4.95 -4.26 -3.38 -2.34 -1.32 -0.501 -0.0437 -0.124 -0.958 -2.7 -5.27 -8.26 -11.1 -13.1 -14.1 -14.2 -14 -14.4 -15.5 -17.2 -18.9 -20.1 -20.6 -20.2 -18.9 -16.6 -13.9 -11.4 -9.44 -7.98 -6.73 -5.62
0.569 0.74 0.292 -0.2 -0.198 0.144 0.214 -0.278 -0.987 -1.36 -1.18 -0.654 -0.0781 0.346 0.456 0.11 -0.67 -1.61 -2.35 -2.77 -2.99 -3.2 -3.47 -3.73 -3.94 -4.14 -4.32 -4.44 -4.43 -4.34 -4.21 -4.07 -3.91 -3.77 -3.65 -3.46 -3.03 -2.29 -1.44 -0.809 -0.649 -0.869 -1.17 -1.31 -1.26 -1.21 -1.27 -1.43 -1.6 -1.68 -1.69 -1.67 -1.67 -1.69 -1.7 -1.7 -1.69 -1.71 -1.73 -1.69 -1.48 -1.05 -0.44 0.283 1.16 2.24 3.52 4.84 6.15 7.46 8.81 9.99 10.5 9.97 8.12 5.16 1.71 -1.38 -3.46 -4.44 -4.8 -5.14 -5.85 -7.19 -9.36 -12.2 -14.9 -16.2 -15.3 -13.1 -10.9 -9.74 -9.17 -8.5 -7.51
0.0251 0.73 0.946 0.64 0.376 0.556 0.944 0.972 0.388 -0.455 -0.939 -0.718 0.0325 0.818 1.19 0.99 0.282 -0.728 -1.8 -2.73 -3.38 -3.75 -3.92 -3.98 -3.95 -3.87 -3.78 -3.74 -3.79 -3.85 -3.84 -3.66 -3.35 -3.05 -2.89 -2.83 -2.69 -2.26 -1.55 -0.748 -0.0892 0.303 0.486 0.62 0.825 1.11 1.43 1.77 2.15 2.61 3.09 3.48 3.76 3.95 4.12 4.3 4.5 4.7 4.9 5.1 5.33 5.65 6.03 6.47 7 7.69 8.47 9.22 9.85 10.5 11.3 12.5 13.7 14.9 15.8 15.9 15.2 13.7 12.3 11.5 11.4 12.1 13.1 14 13.1 9.55 3.63 -2.54 -6.73 -8.4 -8.64 -8.75 -8.99 -8.97 -8.54
-0.376 -0.0892 0.613 1.09 1.09 0.979 1.23 1.7 1.81 1.29 0.537 0.185 0.413 0.866 1.15 1.2 1.06 0.678 -0.0307 -0.927 -1.7 -2.2 -2.51 -2.75 -2.89 -2.78 -2.5 -2.29 -2.38 -2.76 -3.17 -3.33 -3.14 -2.73 -2.36 -2.14 -1.99 -1.7 -1.18 -0.467 0.272 0.914 1.44 1.93 2.44 2.99 3.54 4.11 4.82 5.74 6.75 7.67 8.42 9.05 9.63 10.1 10.6 11 11.3 11.7 12 12.4 12.7 13 13.1 13.3 13.4 13.6 13.6 13.6 13.6 13.7 14.1 14.8 15.8 17 18 18.5 19 19.5 20.2 21.1 22.4 24.2 25.5 24.3 19.4 11.9 4.16 -1.7 -5.34 -7.43 -8.52 -8.79 -8.57
0.184 -0.121 0.0492 0.676 1.09 1.03 0.937 1.18 1.53 1.51 1.12 0.798 0.804 0.978 1.1 1.21 1.42 1.59 1.46 1.02 0.519 0.104 -0.382 -1.08 -1.85 -2.34 -2.37 -2.07 -1.77 -1.74 -2.07 -2.57 -2.89 -2.84 -2.47 -2.01 -1.58 -1.11 -0.545 0.0771 0.689 1.27 1.84 2.45 3.09 3.75 4.38 5.02 5.75 6.68 7.77 8.91 10.1 11.2 12.3 13.2 13.9 14.5 15 15.6 16 16.4 16.8 17.1 17.3 17.3 17.2 17.1 16.9 16.6 16.3 16.2 16.1 16.2 16.6 17.1 17.6 17.9 18.3 19 20 20.6 20.8 21.2 22.2 22.8 21.8 18.7 14.1 9.28 4.79 0.731 -2.68 -5.06 -6.34
-0.294 0.329 0.18 0.232 0.595 0.881 0.951 1.03 1.24 1.42 1.4 1.25 1.19 1.32 1.63 2.09 2.64 3 2.9 2.35 1.72 1.29 0.945 0.377 -0.511 -1.45 -2.03 -2.01 -1.51 -0.994 -0.991 -1.61 -2.44 -2.95 -2.93 -2.55 -2.03 -1.4 -0.676 0.0399 0.682 1.3 1.97 2.65 3.27 3.86 4.49 5.14 5.82 6.51 7.22 7.98 8.81 9.74 10.7 11.7 12.6 13.5 14.5 15.4 16.1 16.6 17.1 17.6 17.9 18 18 17.9 17.8 17.4 16.9 16.5 16.1 15.9 15.9 16.2 16.6 16.8 16.8 16.9 17.5 18.1 18.1 17.6 17.1 17.1 17.5 17.9 17.9 17.2 15.3 12.1 7.98 3.79 0.428
-2.65 -0.22 0.626 0.517 0.428 0.705 1.04 1.17 1.19 1.32 1.51 1.57 1.51 1.53 1.81 2.35 2.96 3.34 3.23 2.65 1.98 1.64 1.62 1.5 0.921 -0.0279 -0.942 -1.41 -1.29 -0.864 -0.68 -1.15 -2.13 -3.07 -3.51 -3.39 -2.88 -2.11 -1.23 -0.421 0.254 0.925 1.71 2.53 3.26 3.88 4.5 5.17 5.84 6.48 7.05 7.53 7.88 8.19 8.57 9.06 9.62 10.2 10.9 11.7 12.4 13.1 13.8 14.5 15 15.3 15.3 15.3 15.2 15.1 15 14.9 14.8 14.7 14.4 14.2 14.4 14.8 15 15.2 15.4 15.8 16.1 15.7 14.9 14.3 14.3 14.8 15.8 16.7 17.4 17 15.3 12.6 9.5
-4.77 -2.08 0.196 1 0.912 0.941 1.25 1.34 1.01 0.711 0.79 1.12 1.4 1.56 1.69 1.78 1.82 1.84 1.83 1.75 1.66 1.71 1.9 2 1.8 1.29 0.636 0.0195 -0.326 -0.287 -0.184 -0.619 -1.81 -3.2 -4.01 -3.94 -3.24 -2.25 -1.16 -0.148 0.683 1.38 2.06 2.78 3.44 4.04 4.63 5.24 5.83 6.41 7.03 7.6 8.04 8.32 8.54 8.78 8.98 9.1 9.24 9.49 9.87 10.3 10.6 11 11.4 11.6 11.7 11.5 11.4 11.5 11.8 12.2 12.6 13 13.1 13 12.7 12.6 12.8 12.9 13.1 13.3 13.5 13.4 12.9 12.6 12.9 13.6 14.5 15.5 16.6 17.6 17.8 17 15.6
-5.75 -4.39 -1.37 0.866 1.5 1.4 1.42 1.43 1.07 0.553 0.341 0.53 0.845 1.1 1.3 1.41 1.36 1.28 1.38 1.71 2.08 2.35 2.5 2.57 2.56 2.42 2.08 1.53 1.04 0.895 0.94 0.49 -0.82 -2.42 -3.43 -3.57 -3.21 -2.55 -1.43 0.138 1.72 2.87 3.53 3.86 4.06 4.25 4.59 5.11 5.72 6.3 6.82 7.29 7.73 8.11 8.43 8.69 8.94 9.18 9.42 9.66 9.92 10.2 10.3 10.3 10.4 10.4 10.3 10.1 9.86 9.99 10.4 10.8 11 11.1 11.3 11.4 11.4 11.3 11.3 11.2 11.1 11.2 11.4 11.5 11.4 11.4 12.1 13.2 14.2 15 15.8 16.5 16.9 16.8 16.4
-4.28 -5.1 -3.07 -0.211 1.5 1.8 1.57 1.4 1.21 0.868 0.643 0.772 1.07 1.25 1.31 1.4 1.49 1.48 1.47 1.59 1.79 1.96 2.13 2.37 2.59 2.7 2.67 2.52 2.38 2.44 2.64 2.5 1.64 0.397 -0.59 -1.21 -1.78 -2.2 -1.81 -0.321 1.68 3.32 4.22 4.51 4.49 4.38 4.37 4.61 5.09 5.65 6.16 6.58 6.97 7.35 7.67 7.9 8.14 8.49 8.88 9.2 9.44 9.71 10 10.2 10.2 10.2 10 9.77 9.48 9.39 9.7 10.2 10.5 10.4 10.1 9.82 9.65 9.68 9.74 9.63 9.37 9.25 9.38 9.54 9.66 10.1 11 11.9 12.5 12.8 13.3 14 14.6 14.7 14.4
0.12 -2.96 -3.53 -1.75 0.526 1.72 1.8 1.62 1.52 1.23 0.86 0.9 1.35 1.64 1.55 1.47 1.63 1.77 1.69 1.54 1.51 1.65 1.96 2.34 2.53 2.5 2.54 2.78 3.03 3.27 3.77 4.36 4.38 3.56 2.4 1.39 0.417 -0.634 -1.26 -0.87 0.379 1.72 2.59 2.98 3.2 3.44 3.69 3.9 4.12 4.45 4.92 5.45 5.93 6.33 6.63 6.84 7 7.2 7.52 7.89 8.2 8.44 8.71 9 9.18 9.15 8.97 8.73 8.47 8.28 8.32 8.65 9.11 9.44 9.41 9.01 8.47 8.09 7.9 7.73 7.5 7.37 7.35 7.27 7.15 7.34 7.95 8.63 9.12 9.66 10.6 11.6 12.4 12.6 12.3
5.21 1.43 -1.36 -1.67 -0.0567 1.45 1.79 1.65 1.76 1.78 1.37 1.02 1.13 1.3 1.19 1.15 1.43 1.7 1.7 1.63 1.76 2.07 2.51 2.88 2.87 2.52 2.39 2.69 2.95 3.06 3.64 4.8 5.45 4.66 3.05 1.78 1.02 0.102 -1.04 -1.69 -1.43 -0.659 0.0344 0.504 0.981 1.63 2.35 2.96 3.35 3.65 4.04 4.56 5.09 5.46 5.66 5.8 5.94 6.08 6.3 6.66 7.07 7.36 7.52 7.73 7.95 7.92 7.47 6.82 6.33 6.19 6.32 6.62 7.08 7.7 8.27 8.49 8.33 7.99 7.61 7.11 6.55 6.16 6.03 5.97 5.85 5.8 5.96 6.27 6.74 7.55 8.74 9.93 10.8 11.3 11.7
9.35 5.91 2.09 0.0334 0.509 1.87 2.26 1.84 1.67 1.86 1.79 1.5 1.43 1.46 1.31 1.13 1.18 1.32 1.46 1.73 2.05 2.24 2.42 2.76 2.96 2.84 2.76 2.95 3.04 2.93 3.26 4.28 4.94 4.28 2.8 1.62 0.904 -0.0149 -1.3 -2.33 -2.61 -2.26 -1.62 -0.859 -0.105 0.521 1.02 1.48 1.9 2.21 2.51 3.03 3.74 4.27 4.39 4.33 4.44 4.75 5.07 5.34 5.66 6.01 6.21 6.26 6.28 6.27 6.03 5.43 4.65 4.08 3.94 4.23 4.82 5.61 6.45 7.13 7.54 7.72 7.69 7.35 6.75 6.15 5.79 5.71 5.81 6.05 6.44 6.96 7.65 8.61 9.86 11.1 12.2 13.2 14.1
11.9 9.06 5.25 2.21 1.42 2.26 2.86 2.55 2.02 1.74 1.49 1.24 1.29 1.53 1.53 1.26 1.02 1.01 1.28 1.65 1.73 1.4 1.15 1.4 1.93 2.25 2.31 2.28 2.17 2.1 2.42 3.03 3.25 2.69 1.71 0.838 0.14 -0.595 -1.31 -1.79 -1.98 -2.04 -1.92 -1.52 -0.885 -0.263 0.203 0.505 0.64 0.659 0.798 1.3 2.05 2.54 2.48 2.18 2.22 2.72 3.28 3.54 3.62 3.76 3.94 3.96 3.86 3.93 4.25 4.52 4.37 3.88 3.45 3.36 3.63 4.15 4.87 5.66 6.33 6.75 6.92 6.95 6.92 6.84 6.77 6.81 7.08 7.62 8.41 9.4 10.5 11.7 13 14.3 15.2 15.6 16.1
12.7 10.7 7.9 5.03 3.27 2.91 3.2 3.39 3.41 3.29 2.9 2.33 1.98 1.99 2.05 1.84 1.52 1.38 1.44 1.41 1.08 0.577 0.297 0.426 0.873 1.45 1.9 1.96 1.78 1.83 2.2 2.34 1.89 1.03 0.0948 -0.717 -1.21 -1.22 -0.816 -0.288 0.0994 0.177 -0.0948 -0.507 -0.687 -0.424 0.1 0.464 0.427 0.221 0.272 0.676 1.09 1.22 1.1 1.05 1.3 1.88 2.58 3.05 3.05 2.6 2.03 1.69 1.69 2 2.54 3.18 3.65 3.77 3.63 3.47 3.45 3.68 4.18 4.86 5.55 6.13 6.6 7.06 7.51 7.89 8.24 8.74 9.46 10.3 11.1 11.9 12.6 13 13.6 14.3 14.7 15 15.6
12.1 10.5 8.85 7.23 5.79 4.73 4.15 3.85 3.76 3.89 4.01 3.71 3.02 2.39 2.07 1.85 1.56 1.39 1.47 1.59 1.54 1.35 1.11 0.794 0.667 1.08 1.8 2.19 2.25 2.43 2.59 2.16 1.3 0.48 -0.503 -1.9 -3.06 -3.2 -2.42 -1.27 -0.0818 0.837 1.11 0.807 0.428 0.289 0.315 0.351 0.337 0.288 0.25 0.208 0.0938 -0.0372 -0.0121 0.221 0.517 0.824 1.37 2.32 3.24 3.33 2.39 1.23 0.708 0.909 1.45 2.09 2.69 3.06 3.16 3.22 3.45 3.84 4.28 4.71 5.21 5.88 6.75 7.69 8.5 9.06 9.54 10.1 10.9 11.6 12.4 13.2 13.7 13.7 13.6 13.9 14.4 15.2 16.3
10.9 9.82 8.84 7.93 7.01 6.18 5.41 4.43 3.44 3.15 3.61 3.88 3.43 2.93 3.09 3.49 3.27 2.42 1.68 1.51 1.72 1.89 1.76 1.32 0.925 1.06 1.58 2.02 2.44 2.96 2.94 2.03 1.16 1.02 0.552 -1.29 -3.75 -5.48 -6.04 -5.5 -4.04 -2.5 -1.76 -1.54 -1.09 -0.58 -0.533 -0.69 -0.516 -0.257 -0.515 -1.19 -1.56 -1.3 -0.731 -0.256 0.0334 0.159 0.252 0.78 2.01 3.23 3.4 2.45 1.34 0.775 0.8 1.22 1.81 2.31 2.64 2.97 3.34 3.71 4.09 4.47 4.78 5.02 5.33 5.91 6.84 8.03 9.27 10.3 11.2 12.1 13.3 14.6 15.5 15.8 15.9 16.3 16.9 17.5 18.2
9.69 9.13 8.41 7.56 6.79 6.38 6.04 5.26 4.29 3.9 3.92 3.57 3.06 3.59 5.43 7.17 7.21 5.52 3.51 2.39 2.25 2.46 2.48 2.09 1.54 1.28 1.37 1.64 2.24 3.01 3.01 1.96 1.23 1.83 2.65 2.17 0.367 -2.24 -5.23 -7.39 -7.55 -6.42 -5.59 -5.15 -4.22 -3.03 -2.44 -2.28 -1.89 -1.54 -2.03 -3.13 -3.68 -3.11 -2.13 -1.43 -0.754 0.135 0.689 0.652 0.783 1.63 2.55 2.72 2.22 1.63 1.28 1.19 1.32 1.62 2.09 2.66 3.2 3.7 4.25 4.67 4.73 4.54 4.48 4.87 5.82 7.28 8.9 10.2 11.3 12.5 14 15.6 16.8 17.3 17.7 18.2 18.7 18.9 19.1
8.27 7.75 7.27 6.81 6.38 6.11 5.73 5.05 4.57 4.58 4.27 3.29 2.94 4.37 6.53 7.48 6.57 4.74 3.18 2.44 2.32 2.43 2.45 2.13 1.54 1.14 1.16 1.47 2.13 3.02 3.22 2.31 1.56 2.28 3.99 5.39 5.76 4.29 0.497 -4.12 -7.02 -7.59 -7.16 -6.62 -5.89 -5.04 -4.3 -3.55 -2.71 -2.3 -2.82 -3.98 -4.72 -4.49 -3.89 -3.65 -3.33 -2.24 -0.925 -0.418 -0.561 -0.361 0.398 1.08 1.34 1.43 1.53 1.57 1.56 1.66 1.96 2.33 2.82 3.6 4.52 5.07 5.2 5.52 6.35 7.34 8.16 8.92 9.78 10.6 11.4 12.5 13.9 15.4 16.6 17.4 17.9 18.2 18.4 18.5 18.7
6.81 6.35 6.04 5.65 5.14 4.88 4.64 4.1 3.83 4.24 4.48 4.25 4.79 6.33 7.1 5.86 3.63 2 1.44 1.49 1.7 1.88 1.93 1.71 1.29 1.07 1.16 1.32 1.69 2.45 2.93 2.49 2.03 2.8 4.58 6.4 7.64 7.51 5.09 0.907 -3.18 -5.85 -7 -7.11 -6.86 -6.79 -6.68 -6.11 -5.31 -4.95 -5.24 -5.76 -5.91 -5.45 -4.9 -4.9 -5.12 -4.68 -3.55 -2.62 -2.27 -1.95 -1.25 -0.453 0.185 0.82 1.54 2.11 2.42 2.67 2.85 2.84 2.97 3.75 4.98 6 6.73 7.49 8.15 8.41 8.52 8.99 9.83 10.8 11.7 12.9 14 15 15.8 16.4 16.9 17.4 17.9 18.4 19.1
5.25 4.85 4.67 4.17 3.52 3.45 3.54 3.05 2.67 3.12 3.59 3.65 4.12 4.94 4.86 3.7 2.61 2.15 1.94 1.84 2 2.27 2.23 1.72 1.14 1.01 1.11 0.785 0.196 0.25 0.978 1.58 2.02 2.92 4.19 5.32 6.2 6.56 5.77 3.74 1.01 -1.91 -4.5 -6.21 -7.17 -7.93 -8.52 -8.52 -8.03 -7.5 -7.18 -6.91 -6.41 -5.61 -4.87 -4.57 -4.45 -3.86 -2.71 -1.55 -0.847 -0.439 0.0511 0.699 1.39 2.13 2.87 3.41 3.75 4.09 4.4 4.58 4.93 5.8 6.9 7.72 8.19 8.3 7.85 7.35 7.82 9.37 11 12.1 13.1 14.2 15.1 15.7 16.1 16.5 17.2 18.2 19.2 20 20.5
3.76 3.37 3.18 2.73 2.32 2.34 2.1 1.29 1.15 1.99 2.43 2.27 2.67 3.4 3.36 2.88 2.97 3.28 3.03 2.54 2.49 2.87 3.16 3.05 2.73 2.69 2.82 2.17 0.632 -0.425 -0.0744 0.979 1.87 2.59 3.17 3.59 4.11 4.7 4.85 4.41 3.46 1.73 -0.871 -3.53 -5.42 -6.37 -6.61 -6.34 -5.73 -4.92 -4.15 -3.62 -3.12 -2.37 -1.56 -0.987 -0.409 0.494 1.6 2.57 3.26 3.68 3.96 4.18 4.27 4.23 4.25 4.55 5.15 5.88 6.41 6.64 6.81 7.04 7.03 6.69 6.39 6.44 6.83 7.83 9.73 12 13.6 14.5 15.3 16.2 17 17.7 18.2 18.7 19.2 19.7 19.9 19.8 19.2
2.54 2.26 1.86 1.29 1.04 1.07 0.446 -0.408 0.141 1.64 2.18 2.07 2.88 4.14 4.44 4.11 4.08 4.16 3.99 3.94 4.32 4.96 5.57 5.67 4.92 3.92 3.47 3.02 1.72 0.328 0.0306 0.504 0.975 1.53 2.28 2.92 3.49 4.12 4.43 4.25 3.74 2.73 1.03 -0.748 -1.75 -1.75 -1.2 -0.749 -0.6 -0.45 -0.186 -0.0195 0.25 1.04 2.08 2.87 3.49 4.19 4.76 5 5.16 5.5 5.92 6.15 6.07 5.84 5.84 6.36 7.21 7.88 7.98 7.62 7.08 6.53 5.98 5.6 5.75 6.76 8.61 10.9 12.9 14.4 15.4 16.3 17.3 18 18.4 18.8 19 19 18.8 18.5 17.8 16.9 15.7
1.22 1.07 0.86 0.487 0.368 0.364 -0.386 -1.22 -0.468 1.24 1.96 1.92 2.43 3.31 3.85 4.14 4.32 4.35 4.52 5.08 5.77 6.3 6.56 6.12 4.73 3.35 3.29 4.06 4.13 3.54 3.41 3.6 3.2 2.43 2.06 2.35 3.11 3.85 4 3.76 3.63 3.39 2.56 1.6 1.38 2.12 3.23 3.96 4.03 3.82 3.62 3.35 3.31 4.04 5.2 5.91 6.03 6 5.92 5.67 5.5 5.77 6.33 6.79 7.07 7.29 7.54 7.76 7.78 7.46 6.88 6.3 5.91 5.78 6.04 6.67 7.61 8.99 10.9 13 14.6 15.5 16.5 17.4 18 18 17.8 17.5 17.1 16.6 16 15.3 14.4 13.2 12
0.157 0.0381 0.0817 0.0111 -0.00189 -0.0539 -0.888 -1.79 -1.08 0.69 1.69 1.96 2.47 3.14 3.63 3.9 3.95 4.12 4.6 4.96 4.97 5.03 5.16 4.86 4.13 3.85 4.71 6.07 6.74 6.66 6.67 6.8 6.18 4.66 3.32 3.13 3.77 4.19 3.92 3.62 3.9 4.21 3.68 2.58 2.02 2.59 3.89 5.13 5.89 6.44 6.89 7.01 6.99 7.45 8.28 8.66 8.36 7.82 7.25 6.65 6.29 6.55 7.24 7.76 7.88 7.69 7.18 6.47 5.94 5.71 5.51 5.25 5.16 5.54 6.42 7.54 8.66 9.89 11.5 13.2 14.5 15.4 16.1 16.5 16.3 15.9 15.3 14.7 14.1 13.4 12.8 11.8 10.8 9.73 8.73
-0.721 -0.725 -0.535 -0.453 -0.306 -0.247 -1.14 -2.05 -1.08 0.821 1.45 1.34 1.99 3.02 3.53 3.5 3.41 3.82 4.52 4.7 4.51 4.62 4.65 4.07 3.43 3.36 3.85 4.68 5.52 5.72 5.08 4.23 3.75 3.61 3.85 4.27 4.19 3.56 3.14 3.08 2.92 2.56 2.08 1.46 1.08 1.5 2.61 3.78 4.84 6.15 7.61 8.44 8.41 8.18 8.05 7.84 7.68 7.7 7.61 7.17 6.74 6.82 7.26 7.44 7.14 6.54 5.74 5.1 5.15 5.69 5.86 5.49 5.37 6.09 7.37 8.63 9.71 10.7 11.8 12.8 13.6 13.9 13.9 13.7 13.2 12.7 12.3 11.8 11.2 10.6 9.75 8.75 7.88 7.11 6.4
-1.76 -1.59 -1.08 -0.712 -0.423 -0.288 -1.12 -1.9 -0.544 1.62 1.88 1.14 1.52 2.5 2.87 2.85 3 3.46 4 4.34 4.55 4.6 4.07 3.16 2.66 2.65 2.87 3.57 4.6 4.81 3.82 2.81 2.59 2.63 2.32 1.37 -0.181 -0.967 0.0306 1.14 0.663 -0.397 -0.772 -0.763 -0.414 0.766 2.44 3.86 5.08 6.55 7.9 8.21 7.56 6.91 6.51 6.19 6.17 6.5 6.72 6.62 6.42 6.36 6.36 6.14 5.74 5.42 5.2 5.19 5.61 5.99 5.76 5.35 5.67 6.86 8.25 9.28 10 10.5 10.8 10.9 11 10.8 10.5 10.2 9.82 9.55 9.36 9.05 8.53 7.82 6.93 6.06 5.43 4.93 4.47
-2.46 -2.17 -1.42 -0.763 -0.44 -0.181 -0.533 -1.09 -0.0223 2.05 2.55 1.86 1.94 2.37 2.1 1.77 2.11 2.87 3.61 4.06 4.12 3.74 3.18 3.09 3.5 3.8 4.12 4.77 5.01 4.22 3.33 3.5 4.05 3.38 1.26 -1.57 -4.07 -4.49 -2.59 -1.09 -1.55 -2.29 -2.18 -1.54 0.112 2.75 4.85 5.74 6.16 6.68 6.84 6.12 5.07 4.65 4.75 4.9 5.18 5.5 5.56 5.5 5.5 5.45 5.29 5.04 4.84 4.8 4.76 4.73 4.87 4.9 4.81 5.18 6.19 7.41 8.41 9.03 9.27 9.15 8.74 8.3 8.02 7.81 7.54 7.27 7.08 7.02 6.97 6.65 6.02 5.24 4.49 3.92 3.54 3.24 3.04
-2.59 -2.16 -1.44 -0.666 -0.253 0.224 0.456 0.0344 0.384 2 3.01 2.94 2.98 2.8 1.81 1.03 1.35 2.42 3.35 3.68 3.7 3.78 3.87 4.04 4.35 4.78 5.65 6.62 6.52 5.31 4.41 4.43 4.5 3.84 2.65 0.911 -1.44 -2.98 -2.78 -2.38 -2.66 -2.46 -1.36 0.424 3.14 5.56 6.02 5.35 5.07 5.02 4.5 3.57 2.77 2.53 2.7 3.16 3.9 4.44 4.57 4.64 4.66 4.53 4.39 4.19 3.95 3.8 3.51 3.18 3.26 3.68 4.28 5.24 6.24 6.91 7.45 7.82 7.66 7.02 6.26 5.73 5.56 5.53 5.4 5.19 5.08 5.08 4.97 4.55 3.85 3.12 2.54 2.17 1.93 1.76 1.67
-2.28 -1.73 -1.21 -0.459 0.115 0.716 1.25 1.17 1.23 2.02 2.73 3.44 4.41 4.22 2.64 1.4 1.19 1.68 2.53 3.07 3.37 3.99 4.47 4.38 4.43 5.16 6.21 6.8 6.43 5.47 4.72 4.5 4.58 4.62 4.61 4.16 2.27 -0.499 -2.23 -2.6 -2.21 -0.9 1.12 3.19 4.76 4.87 3.69 3.14 3.77 4.13 3.49 2.43 1.61 1.33 1.76 2.8 3.82 4.11 4.05 4.1 3.93 3.62 3.56 3.34 2.73 2.14 1.66 1.59 2.49 3.83 4.83 5.54 5.95 5.98 5.93 5.83 5.39 4.75 4.2 3.9 3.83 3.84 3.77 3.65 3.57 3.51 3.25 2.69 1.99 1.35 0.87 0.577 0.393 0.289 0.266
-2.08 -1.21 -0.636 0.104 0.861 1.51 2.01 2.28 2.62 2.65 2.22 3.02 4.95 5.1 3.41 2.16 1.19 0.442 1.3 2.76 3.09 3.17 3.92 4.79 5.56 6.3 6.63 6.23 5.37 4.47 3.69 3.58 4.43 5.05 4.81 4.45 3.56 1.47 -0.464 -1.03 -0.384 1.4 3.61 4.67 4.09 2.82 2.11 2.55 3.48 3.77 3.12 2.05 1.17 0.888 1.53 2.9 3.95 4.05 3.89 3.78 3.28 2.76 2.52 1.86 0.829 0.266 0.365 1.25 2.89 4.27 4.72 4.8 4.81 4.57 4.16 3.77 3.46 3.19 2.92 2.75 2.71 2.64 2.56 2.49 2.35 2.11 1.67 1.02 0.336 -0.211 -0.558 -0.77 -0.989 -1.17 -1.26
-1.94 -0.874 -0.0781 0.679 1.51 2.23 2.59 2.82 3.43 3.63 2.87 3.09 4.72 5.15 4.28 3.7 2.22 0.0529 0.136 1.87 2.39 2.3 3.42 4.99 5.79 6.35 7.07 7.08 6.36 6.11 5.99 5.3 4.76 4.53 4.34 4.77 5.22 4.49 3.18 2.21 1.94 2.95 4.42 4.34 2.75 1.67 1.8 2.32 2.83 3.24 3.03 2.27 1.71 1.62 2.08 3.01 3.66 3.7 3.57 3.12 2.28 1.64 0.895 -0.385 -1.24 -0.879 0.306 1.91 3.34 3.75 3.42 3.19 2.95 2.44 1.94 1.71 1.74 1.76 1.58 1.49 1.53 1.4 1.26 1.21 0.981 0.554 0.0316 -0.56 -1.08 -1.47 -1.77 -2.02 -2.31 -2.58 -2.76
-1.39 -0.593 0.237 1.05 1.84 2.61 3.17 3.4 3.77 4.1 3.57 3.09 3.78 4.63 4.81 4.61 3.49 1.83 1.4 2.08 2.34 2.49 3.59 4.81 4.97 5.34 7.01 7.79 6.82 6.67 7.33 6.52 5 4.58 5.09 5.99 6.73 6.67 5.77 4.23 3.07 3.36 3.99 3.32 1.92 1.25 1.41 1.76 2.4 3.25 3.42 2.93 2.61 2.57 2.85 3.37 3.43 3.18 3.06 2.52 1.69 0.956 -0.379 -1.83 -1.74 -0.435 0.86 2 2.68 2.46 2.02 1.85 1.37 0.591 0.0966 -0.053 0.0455 0.256 0.331 0.396 0.429 0.17 -0.0799 -0.142 -0.422 -0.953 -1.5 -1.98 -2.29 -2.48 -2.75 -3.07 -3.38 -3.65 -3.86
-0.828 -0.387 0.309 1.21 1.99 2.64 3.27 3.73 4.05 4.41 4.29 3.48 3.2 4.08 4.89 4.7 4.35 4.5 4.49 3.96 3.44 3.31 3.85 4.75 4.81 4.8 6.44 8.12 8.19 8.17 8.03 6.63 5.61 6.02 6.35 6.18 6.3 6.47 5.47 3.38 2.45 3.22 3.36 2.24 1.34 1.13 1.36 1.9 2.57 3.21 3.55 3.52 3.33 3.13 3.35 3.73 3.32 2.69 2.52 2.19 1.8 1.38 0.0455 -1.07 -0.384 0.794 1.12 1.26 1.35 0.978 0.588 0.427 0.0111 -0.596 -1.03 -1.39 -1.53 -1.27 -1 -0.866 -0.82 -1.04 -1.33 -1.49 -1.86 -2.43 -2.85 -3.12 -3.28 -3.4 -3.62 -4.01 -4.5 -4.89 -5.14
-0.526 -0.124 0.505 1.34 2.2 2.86 3.35 3.82 4.2 4.6 4.94 4.47 3.52 3.65 4.53 4.62 4.24 4.33 4.36 4.03 3.95 4.04 4.1 4.35 4.06 3.33 3.72 5.21 6.62 7.69 7.67 6.56 6.11 6.26 5.81 5.31 5.42 5.34 3.85 1.76 1.71 3.1 2.72 1.14 0.664 0.938 1.44 2.16 2.52 2.71 3.05 3.11 2.89 2.77 3.04 3.27 2.78 2.09 1.68 1.16 1.03 1.3 0.851 0.335 0.735 1.01 0.6 0.301 0.142 -0.264 -0.671 -0.792 -0.844 -1.11 -1.61 -2.26 -2.65 -2.52 -2.27 -2.14 -2.01 -2.08 -2.37 -2.61 -2.97 -3.45 -3.75 -3.84 -3.89 -3.98 -4.13 -4.53 -5.21 -5.71 -5.91
-0.168 0.344 0.991 1.58 2.27 3.01 3.51 3.95 4.32 4.58 4.97 5.04 4.42 3.89 4.04 4.14 3.54 2.88 3.13 3.88 4.31 4.61 5.03 5.3 5.04 4.12 3.22 3.06 3.55 4.29 5.02 5.63 5.6 4.45 3.52 4.03 4.56 3.7 2.01 0.879 1.51 2.57 1.78 0.451 0.531 1.18 1.73 2.04 1.79 1.67 2.02 2.18 2.14 2.03 1.79 1.55 1.26 1.08 0.963 0.537 0.313 0.558 0.588 0.455 0.456 0.308 0.119 -0.0214 -0.427 -1.01 -1.42 -1.45 -1.25 -1.29 -1.83 -2.66 -3.4 -3.64 -3.55 -3.42 -3.21 -3.06 -3.12 -3.28 -3.55 -3.89 -4.14 -4.2 -4.15 -4.16 -4.26 -4.53 -5.12 -5.63 -5.91
0.0483 0.466 1.04 1.56 2.05 2.58 3.03 3.43 3.88 4.35 4.73 4.92 4.99 4.78 4.43 4.35 3.83 2.92 3.48 4.94 5.05 4.73 5.37 6.14 6.5 6.09 4.85 4.23 4.66 5 5.29 5.83 5.35 3.43 2.25 2.86 3.06 1.74 0.506 0.534 1.36 1.65 0.88 0.347 0.75 1.26 1.45 1.22 0.653 0.562 1.08 1.65 1.98 1.69 0.925 0.452 0.29 0.276 0.53 0.692 0.556 0.395 0.253 0.0344 -0.265 -0.462 -0.389 -0.489 -1.07 -1.6 -1.68 -1.48 -1.27 -1.38 -1.91 -2.74 -3.65 -4.24 -4.39 -4.35 -4.18 -3.91 -3.66 -3.58 -3.68 -3.83 -3.97 -4.02 -3.96 -3.96 -4.02 -4.03 -4.31 -4.82 -5.22
-0.348 0.0418 0.491 1.06 1.57 1.97 2.43 2.73 2.91 3.55 4.22 4.35 4.56 4.9 4.95 5.18 4.95 3.77 3.78 5.01 4.75 3.86 4.46 5.66 6.44 6.35 5.18 4.55 5.37 6.24 6.22 5.46 4.36 3.34 2.65 2.29 1.67 0.503 -0.25 0.184 0.951 0.938 0.504 0.483 0.679 0.689 0.514 0.113 -0.173 0.0864 0.673 1.28 1.59 1.27 0.715 0.525 0.407 0.122 0.0752 0.271 0.283 0.0817 -0.267 -0.835 -1.34 -1.48 -1.49 -1.72 -2.03 -2.01 -1.65 -1.35 -1.34 -1.63 -2.1 -2.72 -3.45 -4.06 -4.44 -4.59 -4.6 -4.5 -4.25 -3.89 -3.59 -3.39 -3.33 -3.36 -3.32 -3.32 -3.33 -3.23 -3.28 -3.63 -3.92
-1.06 -0.488 -0.0772 0.4 0.932 1.32 1.79 2.16 2.29 2.85 3.7 4.09 4.25 4.59 4.88 5.27 5.49 4.82 4.43 4.86 3.81 1.78 2.25 4.91 6.61 6.39 5.44 4.85 4.81 5.03 4.76 3.57 2.75 2.79 2.33 1.4 0.822 0.0687 -0.742 -0.614 -0.0195 -0.00282 -0.22 -0.18 -0.172 -0.207 -0.342 -0.755 -0.881 -0.343 0.477 1.11 1.21 0.962 0.74 0.568 0.418 0.107 -0.467 -0.871 -0.965 -1.07 -1.52 -2.38 -2.96 -2.74 -2.5 -2.63 -2.51 -2.01 -1.58 -1.42 -1.48 -1.65 -1.94 -2.43 -2.99 -3.37 -3.72 -4.17 -4.47 -4.56 -4.53 -4.29 -3.76 -3.14 -2.66 -2.35 -2.15 -2.04 -1.99 -2 -2.03 -2.1 -2.15
-1.74 -1.06 -0.564 -0.0288 0.688 1.21 1.49 1.77 2.22 2.76 3.32 3.81 4.1 4.45 4.84 5.02 5.36 5.34 5.01 5.81 5.51 2.16 0.399 3.37 6.64 6.44 4.71 3.74 3.23 2.93 2.64 2.31 2.68 2.61 1.09 0.24 0.385 -0.58 -1.99 -2.03 -1.37 -1.2 -1.2 -1.04 -1.02 -1.13 -1.35 -1.7 -1.57 -0.732 0.238 0.671 0.328 0.0139 0.0576 -0.174 -0.425 -0.57 -1.17 -1.82 -2.09 -2.25 -2.51 -3.28 -4.07 -3.8 -3.13 -3.02 -2.84 -2.23 -1.76 -1.53 -1.41 -1.41 -1.54 -1.91 -2.37 -2.54 -2.72 -3.4 -4.06 -4.29 -4.45 -4.54 -4.17 -3.42 -2.59 -1.83 -1.33 -1.03 -0.814 -0.74 -0.685 -0.534 -0.438
-2.06 -1.33 -0.678 -0.0539 0.689 1.37 1.74 1.88 2.33 2.87 3.23 3.7 3.97 4.25 4.75 4.88 5.29 5.58 5.19 6.57 8.32 5.75 1.62 2.2 6.04 7.05 4.46 1.98 1.06 0.99 1.12 1.56 2.54 2.05 -0.104 -0.7 -0.565 -2.41 -4.3 -4.31 -3.62 -3.16 -2.67 -2.13 -2 -2.15 -2.26 -2.33 -2.04 -1.33 -0.69 -0.585 -1.11 -1.48 -1.37 -1.63 -2.08 -2.17 -2.36 -2.73 -3.21 -3.69 -3.74 -4.02 -4.8 -4.69 -3.74 -3.3 -3.02 -2.32 -1.79 -1.58 -1.38 -1.31 -1.35 -1.54 -1.98 -2.28 -2.41 -2.89 -3.59 -4.08 -4.4 -4.59 -4.44 -3.98 -3.28 -2.41 -1.63 -1.11 -0.74 -0.471 -0.235 0.0102 0.177
