6.9627 8.1874 6.5789 4.7019 2.5349 0.64114 -0.0818 0.91155 2.1679 1.3994 0.028779 -0.70624 -1.1792 -1.0993 -0.09388 0.56866 0.025062 -0.37637 0.18396 -0.29366 -2.6483 -4.7744 -5.7464 -4.2829 0.11984 5.2102 9.3518 11.888 12.737 12.141 10.908 9.6854 8.2674 6.8094 5.2473 3.7596 2.5433 1.2201 0.15701 -0.72111 -1.7553 -2.4634 -2.5898 -2.2785 -2.0759 -1.9356 -1.3911 -0.82797 -0.52597 -0.16822 0.048293 -0.34849 -1.0612 -1.7377 -2.0592
7.1616 8.1726 6.1729 4.1564 2.1688 0.19418 -0.58173 0.54357 2.1976 2.1837 0.8465 -0.42469 -1.0203 -1.1941 -0.44327 0.73964 0.73035 -0.089234 -0.12083 0.32892 -0.22026 -2.0815 -4.3888 -5.0959 -2.9596 1.4254 5.9136 9.0572 10.721 10.52 9.8192 9.125 7.7516 6.3457 4.8487 3.3703 2.2561 1.0732 0.038071 -0.72483 -1.5881 -2.1698 -2.1605 -1.7321 -1.2145 -0.87351 -0.59288 -0.38659 -0.12362 0.34379 0.46552 0.041788 -0.48787 -1.0621 -1.3279
7.3381 7.9719 5.7287 3.6156 1.7135 -0.29645 -1.156 0.043646 2.0192 2.7496 1.7098 0.0064771 -0.74899 -0.99709 -0.7304 0.29175 0.94593 0.61327 0.049222 0.18024 0.62627 0.19604 -1.3744 -3.0656 -3.5255 -1.3641 2.0907 5.2511 7.9022 8.8509 8.836 8.4105 7.2749 6.0437 4.6731 3.177 1.8584 0.85951 0.081745 -0.53527 -1.0817 -1.4152 -1.4403 -1.208 -0.63562 -0.078083 0.23693 0.30941 0.50455 0.99053 1.0361 0.49061 -0.077154 -0.56407 -0.67837
7.5128 7.6884 5.3105 3.1213 1.182 -0.82426 -1.7526 -0.53155 1.6521 2.9252 2.363 0.55937 -0.34291 -0.55943 -0.65607 -0.19981 0.64021 1.0927 0.67645 0.23228 0.51663 1.0035 0.86602 -0.21096 -1.7526 -1.6671 0.033425 2.206 5.0346 7.2331 7.9319 7.5565 6.8075 5.6469 4.1732 2.731 1.286 0.48689 0.011123 -0.45349 -0.71182 -0.76293 -0.66629 -0.45907 0.10405 0.67924 1.0472 1.207 1.3436 1.5787 1.5564 1.0556 0.40047 -0.028834 -0.053923
7.7321 7.4589 4.9584 2.6706 0.60769 -1.3242 -2.2822 -1.1198 1.116 2.6223 2.5851 1.1281 0.22485 -0.015824 -0.24442 -0.19795 0.37631 1.0853 1.0853 0.59468 0.42835 0.91248 1.5007 1.5035 0.52592 -0.056711 0.50919 1.4217 3.269 5.7854 7.0129 6.7936 6.3838 5.1377 3.5199 2.3156 1.0351 0.36795 -0.001886 -0.30574 -0.42283 -0.43955 -0.25278 0.1152 0.86137 1.5128 1.8352 1.9932 2.2023 2.2654 2.0499 1.5704 0.93199 0.6876 0.68946
8.049 7.3957 4.6731 2.2283 0.024133 -1.7414 -2.6576 -1.6568 0.45808 1.9012 2.2877 1.5081 0.82885 0.42835 0.097542 0.144 0.55565 0.97938 1.0277 0.88088 0.70526 0.94128 1.4013 1.8018 1.7181 1.4477 1.8659 2.2561 2.9113 4.7344 6.1812 6.3792 6.1087 4.8757 3.4456 2.3435 1.0677 0.36423 -0.053923 -0.2472 -0.28809 -0.18123 0.22392 0.71641 1.5072 2.2255 2.6111 2.6371 2.8629 3.0051 2.5795 1.9709 1.3167 1.2052 1.3724
8.4866 7.5407 4.4352 1.7525 -0.55478 -2.0629 -2.836 -2.0759 -0.2249 0.98124 1.5834 1.4867 1.2052 0.63278 0.02692 0.2137 0.94407 1.2284 0.93664 0.95058 1.0435 1.2544 1.4161 1.5685 1.7971 1.7869 2.2636 2.8592 3.1993 4.1471 5.4109 6.0391 5.7324 4.6433 3.5394 2.0954 0.446 -0.38566 -0.88837 -1.1383 -1.1198 -0.53341 0.45623 1.2544 2.0053 2.5888 3.1714 3.269 3.3489 3.5143 3.0274 2.4262 1.786 1.4867 1.7432
9.0228 7.8603 4.2168 1.2386 -1.117 -2.3129 -2.8137 -2.3017 -0.79452 0.14122 0.74893 1.0203 1.142 0.6365 -0.3234 -0.27787 0.97195 1.7005 1.1838 1.0258 1.1699 1.3362 1.4301 1.405 1.6206 1.6475 1.8352 2.5479 3.3935 3.8526 4.4333 5.2557 5.0522 4.097 3.0497 1.287 -0.40796 -1.2192 -1.7925 -2.0527 -1.8957 -1.0937 0.034354 1.1736 2.285 2.8248 3.3982 3.7299 3.8154 3.952 3.4344 2.7291 2.1576 1.7739 1.8845
9.5859 8.2525 4.0087 0.73592 -1.6122 -2.4922 -2.5935 -2.2655 -1.1383 -0.41075 0.08825 0.32892 0.68575 0.58353 -0.51389 -0.98687 0.38839 1.8148 1.5267 1.2377 1.195 1.0119 1.0742 1.2117 1.5165 1.7553 1.6726 2.0201 3.4056 3.7596 3.4446 4.2921 4.5737 3.834 2.6734 1.1531 0.14122 -0.46836 -1.0789 -1.0779 -0.54363 -0.022329 0.38375 1.2293 2.6204 3.4288 3.7736 4.0533 4.1955 4.3237 3.8767 2.914 2.2933 2.2171 2.3258
10.074 8.6 3.8386 0.36423 -1.9319 -2.5424 -2.1735 -1.9477 -1.2127 -0.64213 -0.24163 -0.2407 0.11984 0.54822 -0.3299 -1.3567 -0.45535 1.2916 1.5063 1.4208 1.3232 0.71084 0.55287 0.86788 1.2303 1.7795 1.8566 1.7423 3.2857 3.8897 3.1519 3.8953 4.5802 4.2447 3.1194 1.9922 1.6447 1.2386 0.69039 0.82141 1.6206 2.048 2.0043 2.0192 2.6492 3.6258 4.1016 4.4129 4.595 4.5829 4.3534 3.5487 2.8499 2.7617 2.8722
10.383 8.8054 3.7689 0.26295 -1.9431 -2.3733 -1.576 -1.4152 -1.077 -0.67558 -0.31411 -0.4823 -0.26765 0.46552 -0.0046737 -1.1792 -0.93948 0.53707 1.1197 1.3985 1.509 0.78982 0.341 0.643 0.85951 1.3734 1.785 1.4886 2.8982 4.0059 3.6063 3.9195 4.2707 4.4752 3.5933 2.4308 2.1827 1.9634 1.6875 1.4459 1.8817 2.5489 3.0125 2.7254 2.2227 2.8694 3.5729 4.2884 4.9426 4.9658 4.7344 4.2243 3.7048 3.3183 3.2291
10.431 8.823 3.8609 0.52963 -1.5686 -1.9449 -0.89767 -0.83541 -0.85027 -0.6793 -0.37265 -0.50088 -0.41725 0.26109 0.12635 -0.65421 -0.71832 0.18489 0.79818 1.2507 1.5694 1.1169 0.52963 0.77216 0.9004 1.0231 1.5035 1.2442 2.3268 3.7104 3.8758 3.5719 3.2857 4.2531 3.6509 2.2692 2.0675 1.9216 1.9616 1.3418 1.1355 1.8566 2.9447 3.4363 3.0172 3.0887 3.085 3.4846 4.4705 5.0429 4.9165 4.3469 4.0877 3.8135 3.6965
10.193 8.6502 4.1416 1.1606 -0.84935 -1.3288 -0.30946 -0.40889 -0.65885 -0.75085 -0.61704 -0.59474 -0.51389 -0.052994 0.0074063 -0.078083 0.032496 0.41348 0.80376 1.1931 1.5081 1.3975 0.84464 1.0742 1.352 1.129 1.4338 1.2944 1.9774 3.0181 3.4298 3.0627 2.9447 4.7883 4.1183 2.665 2.8815 2.4271 2.4662 1.9913 1.5211 1.9365 2.98 4.4092 4.9481 4.7242 3.7792 3.1984 3.5227 4.4157 4.9881 4.5551 4.2475 4.1007 3.965
9.6956 8.3185 4.5634 2.0276 0.048293 -0.68766 0.02692 -0.27229 -0.565 -0.86979 -1.0528 -0.96178 -0.79173 -0.42097 -0.18216 0.34565 0.8177 0.86602 0.97845 1.3232 1.5304 1.5648 1.1039 1.2498 1.6438 1.299 1.4635 1.5276 1.9932 2.389 2.9308 3.5868 4.3692 6.3345 4.9444 3.4047 4.136 3.3062 3.1352 3.0163 2.5033 2.3667 2.7979 4.2243 5.0987 5.1526 4.6257 4.0784 3.6454 3.8916 4.7846 4.9007 4.5876 4.4538 4.254
9.021 7.8631 5.016 2.9252 0.91155 -0.16915 0.072453 -0.38938 -0.55292 -0.95807 -1.4979 -1.523 -1.3223 -0.85585 -0.38194 0.45623 1.194 1.1531 1.0993 1.6252 1.8148 1.6893 1.3046 1.3093 1.5546 1.194 1.3055 1.5341 2.0461 2.0675 3.086 5.4267 6.5343 7.0993 4.8636 3.3564 4.4371 3.8507 3.6286 3.5311 2.8685 2.1028 1.8064 2.6436 3.4075 4.28 4.8134 4.8859 4.5318 4.0412 4.4278 4.9537 4.8766 4.845 4.7549
8.2831 7.3223 5.3607 3.6463 1.5797 0.18303 -0.043701 -0.56221 -0.53155 -0.95528 -1.7479 -2.0109 -1.957 -1.4152 -0.74341 0.10962 0.9896 1.1968 1.2117 2.088 2.35 1.7832 1.4115 1.4013 1.4747 1.1504 1.1327 1.2647 1.8445 1.8473 3.4874 7.1653 7.4803 5.8588 3.6983 2.8759 4.109 4.1406 3.899 3.5022 2.8453 1.7739 1.0268 1.4031 2.1586 3.6992 4.6052 4.6982 4.6201 4.1425 4.346 5.1804 5.265 5.0169 4.8757
7.6057 6.735 5.4917 4.0728 2.0145 0.44693 -0.090163 -0.53805 -0.38845 -0.84563 -1.7321 -2.2293 -2.4727 -2.0713 -1.3771 -0.67 0.28246 1.0593 1.4245 2.6362 2.9559 1.8241 1.3641 1.4914 1.6336 1.4291 1.1773 1.0166 1.5248 1.5602 3.2727 7.2062 6.5724 3.6258 2.613 2.967 4.0774 4.3218 3.9511 3.4112 2.9977 2.1065 1.3539 1.195 1.1912 2.2246 3.4883 4.3478 4.2382 3.5385 3.8312 4.9472 5.4862 5.3626 5.2873
7.0882 6.1487 5.383 4.2047 2.2784 0.748 0.10683 -0.17379 -0.051135 -0.63376 -1.5314 -2.2125 -2.7496 -2.6632 -2.127 -1.6085 -0.72762 0.67831 1.5927 3.0033 3.3378 1.8408 1.2823 1.4812 1.7739 1.7014 1.3167 1.011 1.378 1.3864 2.4169 5.5205 4.7372 2.0043 2.153 3.2802 4.1564 4.3497 4.1174 3.8219 3.4558 2.8713 2.4178 1.6819 0.44229 0.052939 1.8296 4.5021 4.3348 2.8843 2.9178 3.7652 4.8171 5.3356 5.5763
6.7843 5.6144 5.0857 4.1388 2.4754 1.1476 0.54079 0.45808 0.46459 -0.31411 -1.2638 -2.1335 -2.8277 -3.0228 -2.6976 -2.3547 -1.8037 -0.030692 1.4579 2.8992 3.2281 1.8287 1.3845 1.4654 1.6921 1.6977 1.4617 1.2814 1.4356 1.4682 1.6754 3.506 3.1835 1.4412 1.9411 3.0348 3.992 4.5198 4.6034 4.5207 4.0012 3.6063 3.3536 2.5266 1.3046 0.13564 1.4031 4.491 4.3627 3.1296 3.4799 3.781 4.4278 5.0113 5.1888
6.6877 5.1749 4.7093 4.0031 2.6808 1.6085 1.0509 1.1281 1.0426 0.095683 -1.0017 -2.1215 -2.8212 -3.1315 -2.9708 -2.7719 -2.7301 -0.9274 1.0156 2.3528 2.6474 1.7469 1.7098 1.5852 1.5434 1.6317 1.733 1.6475 1.4133 1.5945 1.5146 2.389 2.4401 1.4942 1.8361 2.5405 3.9427 5.0773 4.9611 4.6991 4.3367 4.0561 3.6779 3.0729 2.7644 1.8742 2.0759 3.9557 4.0263 3.8758 4.9388 5.0113 4.8617 5.8058 6.5696
6.7397 4.8496 4.3534 3.8935 2.902 2.0452 1.4617 1.6066 1.5248 0.51848 -0.77315 -2.1689 -2.8184 -3.1315 -3.0897 -2.9903 -3.3787 -1.7042 0.51941 1.7228 1.982 1.6559 2.0805 1.7869 1.5109 1.7562 2.0526 1.7274 1.077 1.5379 1.7218 2.2478 2.3221 1.7014 1.9997 2.4931 4.3172 5.7696 4.9732 4.5114 4.5495 4.122 3.6955 3.3722 3.0897 2.3909 2.3398 3.4418 3.9511 4.3116 5.0503 4.7539 3.8135 5.515 8.3185
6.8521 4.6341 4.0793 3.8349 3.1008 2.3983 1.7321 1.8296 1.8036 0.82885 -0.62075 -2.219 -2.8639 -3.191 -3.2496 -3.2049 -3.7476 -2.1977 0.10405 1.2897 1.6447 1.7079 2.3472 1.9588 1.6456 2.0703 2.2366 1.405 0.57703 1.3483 1.89 2.4615 2.4346 1.8789 2.2719 2.8667 4.9593 6.303 5.0346 4.6173 4.6043 3.7373 3.7782 3.9947 3.1668 2.3045 2.4922 3.3145 4.0375 4.609 4.7307 3.8572 1.7757 2.1595 5.7538
6.9525 4.5086 3.8944 3.7894 3.2198 2.6724 1.9672 1.9207 1.8928 0.93943 -0.59102 -2.2562 -2.9949 -3.3787 -3.4828 -3.4716 -3.9205 -2.5052 -0.38194 0.945 1.6215 1.9012 2.5043 2.1326 1.9579 2.5089 2.4225 1.1494 0.29733 1.1058 1.7627 2.4764 2.4522 1.9309 2.2301 3.1566 5.5716 6.5576 5.1619 4.6471 4.0691 3.1752 3.8702 4.4724 3.9167 3.4233 3.5887 3.8544 4.1044 5.0318 5.3681 4.4612 2.2496 0.39861 1.6224
7.0055 4.4631 3.7829 3.7011 3.216 2.889 2.2924 2.0619 1.8956 0.88646 -0.66536 -2.2952 -3.217 -3.6398 -3.6835 -3.729 -3.9771 -2.7524 -1.0844 0.37724 1.496 2.0025 2.5749 2.3667 2.337 2.8834 2.7598 1.4013 0.42556 0.79447 1.3158 2.0898 2.1298 1.706 1.7237 3.0451 5.672 6.1245 4.8552 4.0709 3.1631 3.0934 4.0412 4.3813 4.792 4.9872 4.8106 4.7456 4.3451 5.305 6.1422 5.6618 4.9091 3.3675 2.1967
7.0324 4.5049 3.7355 3.5459 3.0711 3.0283 2.7143 2.3296 1.9188 0.80097 -0.73691 -2.3157 -3.4549 -3.8405 -3.7653 -3.9446 -3.9521 -2.8872 -1.8483 -0.51111 0.92084 1.799 2.5581 2.5916 2.5284 2.8694 2.9605 1.9253 0.87252 0.66716 0.92549 1.5444 1.5444 1.2897 1.1448 2.7263 4.9203 4.7335 4.1267 3.4251 2.6622 3.5004 4.3497 4.4324 5.5596 5.7947 4.9686 4.805 4.0635 5.0373 6.4981 6.4396 6.6059 6.6356 6.0372
7.0789 4.6545 3.7615 3.3517 2.8109 3.0172 3.0729 2.6241 1.9746 0.78239 -0.70903 -2.2646 -3.572 -3.8573 -3.7328 -4.1407 -3.8684 -2.784 -2.338 -1.4524 -0.027904 1.2925 2.4169 2.7013 2.4977 2.5219 2.836 2.2459 1.4514 1.0816 1.0593 1.2795 1.142 1.0714 1.0073 2.6947 3.9241 3.348 3.8516 3.3591 2.6483 3.8033 4.7846 5.1581 6.3002 6.3494 5.3384 4.8004 3.3303 4.123 6.0892 6.3503 6.3922 6.4368 7.0473
7.1932 4.9165 3.8777 3.1845 2.494 2.7923 3.1556 2.7486 1.9727 0.80097 -0.61518 -2.1512 -3.4939 -3.6677 -3.6463 -4.3247 -3.7783 -2.4997 -2.3696 -2.0341 -0.94227 0.6365 2.0768 2.6669 2.5358 2.3946 2.7561 2.3128 1.8965 1.8008 1.5778 1.3678 1.1569 1.1615 1.1123 2.8165 3.4707 3.2857 4.7093 3.847 2.8685 4.122 5.6497 6.2063 6.6338 7.0733 7.011 6.4423 3.7243 3.217 4.8524 5.1823 5.4369 4.7084 4.4566
7.3771 5.2529 4.0774 3.1064 2.2032 2.3612 2.8509 2.5656 1.8073 0.72106 -0.62168 -2.0982 -3.3202 -3.4261 -3.5897 -4.4371 -3.7439 -2.2897 -2.0731 -2.0109 -1.4106 0.019486 1.5341 2.5219 2.7756 2.6901 2.9521 2.2822 1.9588 2.1911 2.0183 1.6447 1.47 1.3232 0.78517 2.1688 3.0153 4.0626 6.0697 4.6768 3.5729 4.7679 6.6189 6.8038 6.2333 7.0751 7.7907 8.1168 5.2092 3.059 4.2289 4.5523 4.8468 3.7373 1.9848
7.5872 5.58 4.306 3.1268 1.9997 1.8371 2.2404 2.0842 1.4421 0.43299 -0.87629 -2.2506 -3.2626 -3.3713 -3.6603 -4.4343 -3.7866 -2.3826 -1.7684 -1.5072 -1.2926 -0.32619 1.0361 2.3816 3.0265 2.9512 3.0441 2.166 1.7813 2.2496 2.4401 2.2376 2.1326 1.6902 0.19604 0.63185 1.7163 4.1323 6.7378 5.5187 4.5978 5.0123 6.5185 6.434 5.3737 6.3624 6.8243 8.1902 6.6217 3.5534 4.6573 5.3672 4.8087 3.2346 1.0621
7.7461 5.8012 4.4807 3.1956 1.9012 1.3687 1.5369 1.4431 0.93478 -0.041843 -1.3595 -2.6167 -3.4345 -3.6287 -3.9074 -4.3405 -3.8545 -2.7608 -1.7396 -0.99431 -0.86421 -0.28716 0.89482 2.4429 3.2737 3.0609 2.9271 2.1019 1.8343 2.4336 2.9605 3.006 3.0163 2.4513 0.24994 -0.42469 0.32799 3.5403 6.6579 5.7213 4.8097 4.2215 5.3133 5.4741 4.4714 6.1069 6.6719 8.167 7.6884 4.2912 5.0002 6.2426 5.0346 2.9271 0.9896
7.7879 5.843 4.5263 3.2309 1.864 1.0612 0.95615 0.80748 0.38282 -0.57708 -1.891 -3.033 -3.7281 -4.0598 -4.2494 -4.2104 -3.8405 -3.1715 -2.0676 -0.99059 -0.68023 -0.18402 0.94036 2.6436 3.768 3.6407 3.2634 2.4188 2.1957 2.5851 2.9419 3.0125 3.217 2.9289 0.97752 -0.074366 0.030637 3.4121 6.6746 5.0764 3.8191 3.3276 4.4055 4.7186 3.6909 5.9898 7.3335 8.0304 7.6652 5.0215 5.2892 6.2165 4.7576 2.6371 1.1188
7.6829 5.6943 4.4148 3.1714 1.8231 0.91805 0.60026 0.28246 -0.12919 -1.0417 -2.2869 -3.3044 -3.9177 -4.3553 -4.4891 -4.0663 -3.6631 -3.3332 -2.5666 -1.6104 -1.1495 -0.6189 0.48968 2.4977 4.3571 4.8041 4.2772 3.0265 2.3435 2.1604 2.0285 1.9607 2.3063 2.4931 1.576 0.97938 0.50362 3.5952 6.8038 4.2326 2.81 3.5022 4.4324 4.503 3.5849 5.2985 6.5185 6.6254 6.5641 5.6302 5.8346 5.4564 3.5664 2.3147 1.5639
7.4515 5.409 4.1778 3.0237 1.7395 0.87066 0.45065 -0.091092 -0.55013 -1.3827 -2.4876 -3.3638 -3.8796 -4.3145 -4.4799 -3.9093 -3.3518 -3.1399 -2.8946 -2.4439 -2.1317 -1.8055 -0.81961 1.6401 4.3832 5.449 4.9379 3.2541 1.8937 1.3037 1.1634 1.2293 1.5555 2.0285 2.0183 1.8742 0.97474 3.2049 6.1766 3.7466 2.5944 4.0514 4.5021 4.582 4.4306 4.7567 5.0048 5.6107 6.105 5.5958 5.3523 4.359 2.7468 2.6762 2.5442
7.1467 5.0745 3.887 2.8425 1.6289 0.84372 0.42184 -0.30574 -0.84191 -1.6002 -2.5471 -3.2839 -3.6835 -3.9976 -4.2448 -3.7662 -3.0498 -2.732 -2.8379 -2.9485 -3.0711 -3.1966 -2.4225 0.39675 3.5645 4.6638 4.2782 2.691 1.0296 0.48039 1.0184 1.8333 2.285 2.7951 2.9196 2.5879 1.5341 2.4336 4.6591 3.6091 2.6288 3.3842 3.8396 4.6155 5.0485 4.5281 4.582 6.0223 6.2611 4.4491 3.4261 3.3396 2.7905 2.6065 2.0517
6.8252 4.7632 3.61 2.7068 1.5462 0.79354 0.43021 -0.37544 -0.97386 -1.7024 -2.5192 -3.1492 -3.4689 -3.612 -3.9084 -3.6473 -2.8853 -2.3556 -2.469 -2.9262 -3.5116 -4.005 -3.427 -0.59009 2.4039 3.0488 2.7951 1.7051 0.094754 -0.50274 0.55194 2.6501 3.9873 4.5829 4.1899 3.1714 2.2831 2.0629 3.3238 3.8451 2.3193 1.2591 2.6492 4.6127 4.8106 4.3441 5.0884 6.3513 5.8142 3.5171 2.2515 2.6539 2.3314 1.0937 -0.1041
6.5167 4.5095 3.3824 2.6557 1.5416 0.72849 0.42091 -0.34106 -0.94877 -1.6829 -2.4086 -2.9717 -3.2895 -3.27 -3.5023 -3.4605 -2.8295 -2.1373 -2.0109 -2.5536 -3.3936 -3.9353 -3.5701 -1.2099 1.3929 1.7841 1.6178 0.83814 -0.71739 -1.8966 -1.2898 2.1725 5.3877 6.3987 5.3189 3.5924 2.9196 2.3509 3.1268 4.2661 1.3687 -1.5704 0.91062 4.1639 4.4538 4.7707 5.9935 6.1766 5.3068 4.0319 2.8611 2.2859 1.4031 0.23971 -0.69974
6.2128 4.3005 3.1993 2.6724 1.6206 0.67181 0.36981 -0.27694 -0.83355 -1.5602 -2.2079 -2.732 -3.1055 -2.9373 -2.9503 -3.0321 -2.6855 -1.9867 -1.576 -2.0313 -2.8769 -3.2375 -3.2077 -1.7814 0.4172 1.0184 0.90412 0.14029 -1.2145 -3.06 -3.7541 0.36702 5.7566 7.6364 6.1998 4.1109 3.4948 3.1129 3.7708 4.1899 -0.18123 -4.0691 -1.4413 2.2664 3.558 5.2232 6.7295 6.302 5.4239 4.556 3.0646 1.6679 0.82234 0.38467 -0.565
5.8811 4.097 3.0321 2.704 1.7367 0.64579 0.28432 -0.25742 -0.72297 -1.3976 -1.9756 -2.4801 -2.9197 -2.6102 -2.259 -2.2943 -2.2636 -1.7042 -1.1095 -1.3995 -2.1066 -2.2451 -2.5461 -2.1967 -0.63376 0.10219 -0.014895 -0.59474 -1.221 -3.1984 -5.4779 -2.2413 4.293 7.5082 6.5631 4.6982 4.1193 3.847 4.1862 3.5617 -0.96736 -4.491 -2.9801 -0.49903 1.4654 4.4928 6.6719 6.4721 5.3431 3.6992 1.7414 0.50269 0.068736 -0.57987 -2.4086
5.4806 3.8581 2.8592 2.6901 1.8296 0.65973 0.19232 -0.31411 -0.67651 -1.2582 -1.7972 -2.3212 -2.8249 -2.43 -1.6699 -1.4357 -1.5537 -1.1783 -0.54549 -0.67558 -1.2275 -1.1616 -1.4264 -1.8055 -1.2601 -1.0352 -1.3019 -1.313 -0.81589 -2.4151 -6.04 -5.2279 0.49711 5.095 5.7724 4.8496 4.4296 4.005 3.9223 3.1417 0.030637 -2.5861 -2.7775 -2.2311 -0.46371 3.1807 5.7668 5.4676 3.8479 2.0108 0.5064 -0.24999 -0.74155 -1.9858 -4.2996
4.9862 3.5589 2.6641 2.5935 1.8556 0.70991 0.12263 -0.42283 -0.69231 -1.1569 -1.7098 -2.3073 -2.902 -2.5703 -1.5137 -0.80939 -0.74806 -0.46743 0.077099 0.039929 -0.42097 -0.14778 0.13843 -0.32061 -0.86979 -1.6875 -2.3343 -1.786 -0.28809 -1.2694 -5.5029 -7.3949 -4.1212 0.9069 3.7392 4.4055 4.2475 3.7587 3.623 3.0832 1.1448 -1.09 -2.377 -2.6019 -1.0315 2.2134 4.2252 3.3824 1.7609 0.87903 0.53428 0.18396 -0.61425 -2.0258 -4.3107
4.3943 3.1882 2.4346 2.4067 1.799 0.76938 0.078028 -0.54363 -0.72204 -1.0621 -1.6624 -2.3705 -3.0907 -2.9959 -1.878 -0.64863 -0.089234 0.27224 0.68853 0.68203 0.25365 0.68296 1.7181 1.6791 0.3791 -1.4329 -2.614 -1.9839 0.0994 -0.0818 -4.0413 -7.5547 -7.0222 -3.1817 1.0128 3.4632 3.742 3.6286 3.8972 2.9159 0.66251 -1.5528 -2.6632 -2.2097 -0.3838 1.943 3.0655 2.4504 1.7144 1.5146 1.3576 0.95058 -0.019541 -1.3725 -3.6231
3.7308 2.7496 2.1586 2.1381 1.6642 0.78982 0.013911 -0.65978 -0.7304 -0.94041 -1.5723 -2.3807 -3.218 -3.4187 -2.4662 -0.86886 0.3029 0.91434 1.2665 1.3028 0.92456 1.3752 2.8732 3.3192 1.7228 -0.65885 -2.2627 -2.036 0.17746 0.83721 -2.4987 -6.4173 -7.59 -5.8458 -1.9105 1.7283 2.7301 3.387 4.2085 2.5581 -0.39681 -2.2869 -2.4551 -0.90045 1.3975 2.9466 3.3554 3.2216 3.1008 2.5749 1.6503 0.9385 -0.0028152 -1.1969 -3.1631
3.0376 2.2589 1.8268 1.8101 1.47 0.72013 -0.1264 -0.78244 -0.72111 -0.80195 -1.418 -2.2822 -3.1724 -3.5516 -2.8444 -1.1709 0.48596 1.4412 1.8436 1.969 1.7098 2.0638 3.5292 4.2168 2.5851 0.034354 -1.616 -1.9208 -0.094809 1.1104 -1.7591 -5.5884 -7.1579 -6.9962 -4.504 -0.87072 1.0333 2.5581 3.6834 2.0833 -0.77222 -2.1837 -1.3595 1.1197 3.6063 4.4222 3.9947 3.3647 2.717 1.7767 0.87996 0.50362 -0.22026 -1.1978 -2.6669
2.3686 1.7469 1.4579 1.4635 1.2386 0.54264 -0.35685 -0.91532 -0.71089 -0.69231 -1.2545 -2.1308 -3.0219 -3.3908 -2.8453 -1.3056 0.61977 1.9272 2.4504 2.6455 2.5349 2.7756 3.8646 4.5133 2.9772 0.50362 -0.85864 -1.5165 -0.50739 0.80655 -1.537 -5.148 -6.618 -7.1059 -6.2138 -3.5348 -0.74806 1.5955 2.5832 1.4579 -0.76293 -1.5416 0.4237 3.1937 4.6703 4.3376 3.3248 2.2404 1.142 0.45065 0.34658 0.48317 -0.1803 -1.038 -2.1252
1.7748 1.2544 1.0946 1.1466 1.0082 0.30104 -0.6189 -1.0278 -0.71368 -0.65142 -1.1588 -2.035 -2.9513 -3.2347 -2.692 -1.2638 0.82513 2.442 3.0915 3.2709 3.2579 3.4391 4.057 4.4919 3.1993 0.98124 -0.10503 -0.88466 -0.68673 0.42835 -1.0909 -4.2197 -5.8876 -6.8643 -7.1672 -5.4175 -1.7516 1.3827 2.0211 1.0779 -0.41354 0.11241 3.1426 4.7604 4.0895 2.7533 1.9198 1.3409 0.66437 0.53056 0.74986 0.67924 -0.17194 -1.025 -1.9969
1.2944 0.82234 0.79075 0.90597 0.81956 0.079886 -0.81589 -1.0854 -0.73784 -0.69323 -1.1727 -2.0666 -3.1083 -3.4112 -2.7598 -1.2052 1.1132 2.9921 3.7457 3.8646 3.8777 4.0403 4.2549 4.3785 3.4418 1.6298 0.52127 -0.263 -0.42376 0.28896 -0.57987 -3.034 -5.0365 -6.7909 -7.9338 -6.3681 -1.7526 2.1168 2.5916 1.4988 0.76566 2.7468 5.5605 4.8719 2.8174 1.6689 1.2526 1.129 0.9385 1.1838 1.2563 0.68853 -0.20725 -1.13 -2.1549
0.945 0.47574 0.57517 0.75916 0.70154 -0.03348 -0.86979 -1.0937 -0.81682 -0.82333 -1.3056 -2.2571 -3.5172 -4.0041 -3.2152 -1.2666 1.4328 3.5385 4.3785 4.4854 4.503 4.635 4.5941 4.3729 3.6927 2.3546 1.0212 0.20347 0.10033 0.31498 -0.53341 -2.442 -4.3014 -6.684 -8.5155 -6.6087 -1.2043 3.2272 3.8935 2.6074 2.4355 4.8543 6.0195 3.6927 2.1084 1.798 1.4078 1.3567 1.4403 1.7302 1.4533 0.51384 -0.34198 -1.3483 -2.2599
0.72942 0.21555 0.43299 0.67831 0.65136 -0.011178 -0.79917 -1.1244 -1.0082 -1.0575 -1.5732 -2.6325 -4.1184 -4.8274 -3.9065 -1.4338 1.7674 4.1109 5.016 5.1442 5.1749 5.239 5.1117 4.6127 3.9046 2.9559 1.484 0.50455 0.46366 0.35122 -0.68952 -2.2804 -3.5478 -6.106 -8.5174 -6.3439 -0.74899 3.9566 5.1256 3.7829 3.86 5.7352 5.3477 3.1352 2.5507 2.3175 1.7581 1.904 2.1558 2.0443 1.2219 0.11334 -0.75456 -1.7033 -2.3259
0.63464 0.035283 0.32335 0.61419 0.63743 0.098471 -0.69974 -1.2666 -1.3586 -1.4245 -2.0053 -3.2254 -4.8348 -5.6098 -4.5477 -1.5964 2.1549 4.8245 5.7538 5.8198 5.8448 5.8263 5.7175 5.0866 4.123 3.3517 1.9012 0.64021 0.42742 0.33728 -0.51575 -1.8864 -2.7106 -5.3106 -8.0267 -5.7334 -0.60031 4.0301 5.8941 4.8385 5.0782 6.1608 5.0671 3.7717 3.4809 2.8286 2.3974 2.5674 2.5163 1.7906 0.65322 -0.17286 -0.88094 -1.5676 -2.0378
0.64672 -0.065074 0.21834 0.53149 0.61884 0.19418 -0.7081 -1.5788 -1.8687 -1.9551 -2.6279 -4.0106 -5.5801 -6.1869 -4.9649 -1.6791 2.6148 5.7361 6.6793 6.5074 6.4758 6.4117 6.3002 5.6506 4.4538 3.6537 2.2069 0.6588 0.22113 0.28803 -0.25742 -1.5407 -2.2962 -4.9528 -7.5045 -4.9175 -0.44978 3.821 6.4368 6.1487 6.5483 6.6802 5.0169 4.1341 3.7727 3.2393 3.2467 3.2077 2.7143 1.6726 0.56216 0.086391 -0.34291 -0.73226 -1.3251
0.74336 -0.06972 0.13843 0.4395 0.56216 0.16166 -0.92183 -2.0499 -2.4987 -2.666 -3.4391 -4.8776 -6.2342 -6.5325 -5.1721 -1.6875 3.0869 6.7453 7.7656 7.2248 7.0519 7.0268 6.8187 6.158 4.9249 4.0403 2.5089 0.79818 0.27224 0.24994 -0.51482 -2.0285 -2.8249 -5.2363 -7.1774 -4.1453 -0.18587 3.6203 6.893 7.6132 7.905 6.8419 4.5049 3.4874 3.125 3.0302 3.4186 3.5506 3.046 2.0173 1.0779 0.67274 0.47667 0.23786 -0.68952
0.89389 0.044576 0.13936 0.38467 0.44136 -0.077154 -1.3679 -2.6298 -3.2105 -3.5627 -4.3925 -5.6721 -6.6766 -6.7054 -5.2846 -1.6745 3.4809 7.668 8.9085 7.9821 7.5295 7.6048 7.2935 6.5771 5.4499 4.5625 3.0311 1.3046 0.67552 0.20812 -1.1857 -3.1334 -3.9781 -5.7566 -6.9052 -3.6203 -0.019541 3.3471 7.0101 8.4355 8.2135 6.118 3.5673 2.4299 2.0545 2.2692 2.9289 3.5208 3.1138 2.1827 1.6456 1.2777 1.1085 0.67088 -0.58451
1.0528 0.2741 0.26666 0.39118 0.22299 -0.5492 -1.996 -3.2579 -3.9846 -4.6016 -5.3933 -6.277 -6.8671 -6.7853 -5.3989 -1.6745 3.7569 8.4197 10.053 8.811 7.8826 8.0378 7.7321 6.9655 5.9303 5.0875 3.7392 2.0489 1.0946 0.093825 -1.5649 -3.6798 -4.7196 -5.9072 -6.408 -3.1241 0.24994 3.309 6.9859 8.4095 7.5583 5.0736 2.7728 1.6085 1.1717 1.7088 2.6065 3.3303 2.8917 2.1437 1.983 1.5936 1.2135 0.32799 -1.1105
1.1643 0.5668 0.50176 0.4237 -0.1357 -1.2173 -2.6967 -3.8777 -4.7967 -5.6693 -6.3021 -6.6747 -6.8959 -6.8615 -5.542 -1.6884 3.9511 9.0526 11.202 9.743 8.1893 8.3166 8.114 7.3474 6.3253 5.4574 4.2679 2.5368 1.2191 -0.037197 -1.3028 -3.113 -4.4854 -5.4509 -5.6061 -2.3705 1.0351 4.0393 7.4515 8.1846 6.9051 4.6536 2.5303 1.3334 0.88832 1.6206 2.5656 3.1324 2.7654 2.0294 1.6912 1.2684 0.96173 0.013911 -1.4766
1.1801 0.82885 0.74615 0.38096 -0.66257 -1.9793 -3.3285 -4.4287 -5.5856 -6.5957 -6.9776 -6.9219 -6.9293 -7.0139 -5.7037 -1.7005 4.1193 9.6287 12.3 10.745 8.5712 8.5443 8.4281 7.668 6.6291 5.6571 4.3887 2.4764 1.1048 -0.012108 -0.73133 -2.1345 -3.8907 -4.9027 -4.8692 -1.5649 2.0787 5.1981 8.2785 8.0518 6.5148 4.7493 2.6985 1.7562 1.5258 2.0787 2.8471 3.3545 3.0358 1.7943 0.92456 0.71548 0.73964 0.057585 -1.3688
1.0862 0.97009 0.86695 0.16166 -1.3214 -2.6827 -3.7662 -4.8488 -6.2556 -7.248 -7.367 -7.1142 -7.0994 -7.2806 -5.8718 -1.6996 4.2977 10.143 13.224 11.72 9.0646 8.7794 8.6902 7.9022 6.8382 5.7965 4.3265 2.1818 1.0509 0.22113 -0.2565 -1.432 -3.6473 -4.8971 -4.5728 -0.98687 2.8704 5.9071 8.6604 7.8399 6.1859 4.8952 3.1631 2.8035 2.902 3.0144 3.3675 3.7271 3.2718 1.549 0.45158 0.52499 0.56773 -0.17379 -1.629
0.9162 0.94314 0.77216 -0.26393 -1.9932 -3.1669 -3.9521 -5.1071 -6.737 -7.6169 -7.5668 -7.3503 -7.4292 -7.6355 -6.0521 -1.6949 4.4965 10.574 13.924 12.633 9.624 8.9773 8.9364 8.1447 6.9952 5.9378 4.4389 2.2218 1.3028 0.51663 0.033425 -0.75363 -3.3304 -5.121 -4.4473 -0.40889 3.4948 6.027 8.3649 7.6764 6.1664 5.1842 3.9037 3.8182 3.9474 3.6565 3.4251 3.322 2.7756 1.2572 0.28989 0.40698 0.41813 -0.42469 -2.0759
0.73221 0.77124 0.45623 -0.82426 -2.5155 -3.3388 -3.9251 -5.2372 -7.0343 -7.826 -7.7693 -7.7043 -7.8455 -8.0081 -6.2445 -1.7089 4.7028 10.95 14.495 13.547 10.235 9.1018 9.1826 8.4876 7.2025 6.0846 4.7521 2.7217 1.8817 0.8242 0.15887 0.13471 -2.2423 -4.6796 -3.8591 0.49432 4.1945 5.9991 7.8176 7.6996 6.5018 5.5047 4.4389 4.1128 4.0468 3.6974 3.1779 2.691 2.0926 1.0816 0.27595 0.1217 0.10683 -0.56965 -2.1716
0.59375 0.51663 -0.0046737 -1.3846 -2.7756 -3.2226 -3.8052 -5.3162 -7.2099 -8.0351 -8.1327 -8.1828 -8.2423 -8.3036 -6.4145 -1.7312 4.9035 11.313 15.042 14.494 10.928 9.2356 9.4233 8.8797 7.523 6.3039 5.068 3.2783 2.5758 1.3734 0.25179 0.68946 -0.92461 -3.5506 -2.7069 1.5983 4.7576 5.9164 7.2461 7.6067 6.7248 5.5568 4.5681 4.0477 3.8944 3.571 3.0599 2.5247 1.6819 0.96266 0.52963 0.07524 -0.4665 -1.1709 -2.3612
0.51477 0.23507 -0.51111 -1.838 -2.7859 -2.9699 -3.7374 -5.4119 -7.3354 -8.3269 -8.6605 -8.7032 -8.5369 -8.456 -6.4749 -1.6912 5.0996 11.677 15.56 15.369 11.686 9.4921 9.6631 9.1994 7.8919 6.6635 5.3384 3.545 3.0479 2.324 0.7796 0.65229 -0.41818 -2.6195 -1.5518 2.5739 4.9983 5.6664 6.6458 7.1718 6.6189 5.4992 4.6415 4.1007 3.7829 3.1166 2.5247 2.1939 1.1578 0.53707 0.69225 0.27131 -0.87072 -1.8157 -2.7338
0.45437 -0.064145 -1.0008 -2.1624 -2.6994 -2.7942 -3.8006 -5.5225 -7.4376 -8.6856 -9.2208 -9.14 -8.7023 -8.4523 -6.3383 -1.4784 5.3347 12.034 16.005 16.053 12.431 9.874 9.9167 9.44 8.1986 7.0714 5.6636 3.6249 3.046 3.243 2.009 0.78332 -0.56128 -2.2692 -0.84656 3.2551 5.1628 5.5029 6.2899 6.7434 6.42 5.4973 4.6619 3.9325 3.2829 2.2812 1.6912 1.8045 1.0333 0.31312 0.55565 0.28339 -0.9655 -2.0899 -3.2096
0.33543 -0.42469 -1.4756 -2.4179 -2.7143 -2.8639 -3.9809 -5.5791 -7.4971 -9.0396 -9.6687 -9.4001 -8.7627 -8.3371 -5.9973 -1.0473 5.6488 12.385 16.408 16.603 13.139 10.274 10.153 9.7123 8.4402 7.3576 6.0056 3.7643 2.6028 3.3266 3.2346 1.6326 -0.3615 -1.9514 -0.43863 3.676 5.5047 5.7677 6.552 6.8187 6.3634 5.4499 4.5281 3.6221 2.7626 1.6401 0.95615 1.3799 1.3009 0.55751 0.3949 0.081745 -1.0733 -2.2506 -3.6881
0.08825 -0.89395 -1.9663 -2.6855 -2.955 -3.2096 -4.1816 -5.4974 -7.4711 -9.323 -9.9372 -9.4912 -8.7887 -8.1828 -5.5187 -0.44048 6.0325 12.709 16.811 17.141 13.846 10.628 10.295 10.022 8.7078 7.524 6.21 3.9381 2.0341 2.3881 3.3963 2.5535 0.39768 -1.2536 0.05108 3.9641 5.922 6.3262 7.2387 7.2601 6.3587 5.2938 4.3915 3.5645 2.5154 0.89482 -0.37915 0.045505 0.85115 0.58818 0.25272 -0.26672 -1.5156 -2.5099 -3.742
-0.3076 -1.4803 -2.482 -2.9977 -3.3936 -3.7077 -4.294 -5.24 -7.3122 -9.4689 -10.031 -9.4893 -8.8714 -8.0416 -4.9519 0.28339 6.4711 12.954 17.143 17.641 14.526 10.982 10.338 10.23 8.9996 7.7303 6.2584 3.9566 1.6884 1.2275 2.4504 2.7198 1.076 -0.45349 0.69876 4.1806 6.1506 6.7917 7.7581 7.4431 6.1357 5.0373 4.1945 3.3378 1.8556 -0.38473 -1.826 -1.0705 0.33543 0.4553 0.034354 -0.83541 -2.3807 -3.2765 -4.018
-0.81403 -2.1317 -2.9959 -3.3248 -3.8731 -4.15 -4.2541 -4.846 -6.9944 -9.3992 -9.9586 -9.4828 -9.0944 -7.9375 -4.2578 1.155 7.0036 13.116 17.3 17.945 15.034 11.354 10.363 10.249 9.1771 7.9533 6.2807 3.8581 1.693 0.70805 1.3399 2.2162 1.3399 0.18489 1.3938 4.2679 6.0734 7.0668 7.8771 7.1393 5.7445 4.8357 3.9548 2.7254 0.82885 -1.2378 -1.7433 -0.3838 0.735 0.45623 -0.26486 -1.3437 -2.9578 -4.0673 -4.7995
-1.3725 -2.7617 -3.4531 -3.6166 -4.2243 -4.3674 -4.0682 -4.4064 -6.5242 -9.0675 -9.7235 -9.5256 -9.5265 -7.8939 -3.3759 2.2422 7.6875 13.26 17.289 18.014 15.265 11.634 10.392 10.154 9.1473 7.9207 6.2714 3.925 1.9997 0.90876 0.77495 1.6271 1.4291 0.82048 2.1335 4.2298 5.8448 7.2935 7.6903 6.5353 5.4248 4.8013 3.8005 2.1428 0.26573 -0.87908 -0.43491 0.79447 1.0054 0.30755 -0.46186 -1.484 -2.7431 -3.795 -4.6917
-1.9365 -3.2979 -3.8117 -3.8582 -4.3795 -4.3145 -3.7987 -4.0199 -5.9796 -8.522 -9.3704 -9.6399 -10.188 -7.9775 -2.3436 3.5153 8.4746 13.423 17.211 17.984 15.289 11.681 10.311 10.009 8.9689 7.4747 6.0335 4.2531 2.5386 1.4496 0.80004 1.2777 1.5313 1.5434 2.8732 4.254 5.8439 7.5425 7.1829 5.7426 5.1953 4.7576 3.5069 1.6568 0.36516 0.30569 0.85951 1.1243 0.60026 0.11891 -0.38938 -1.4933 -2.5006 -3.1269 -3.743
-2.508 -3.717 -4.0654 -4.0886 -4.4064 -4.0914 -3.5255 -3.7458 -5.4844 -7.9273 -9.0145 -9.8322 -11.042 -8.2841 -1.3223 4.845 9.2189 13.55 17.099 17.948 15.259 11.541 10.064 9.7671 8.7282 6.8215 5.4332 4.5235 3.1752 2.0889 1.2219 1.1922 1.5741 2.1084 3.414 4.5458 6.3596 7.7563 6.4721 5.0977 5.1944 4.7307 3.1752 1.5899 1.2451 1.9086 2.0025 1.2582 0.30104 -0.0214 -0.4888 -1.7247 -2.6251 -3.021 -3.3034
-3.1185 -4.0478 -4.2364 -4.3526 -4.4343 -3.8656 -3.3072 -3.5897 -5.148 -7.4534 -8.7683 -10.085 -11.995 -8.8965 -0.50088 6.1459 9.8498 13.576 16.895 17.798 15.221 11.434 9.8619 9.4754 8.4709 6.3345 4.6545 4.3748 3.6472 2.6901 1.8101 1.3186 1.5574 2.4188 3.7504 5.1498 7.2145 7.7823 5.9443 5.1507 5.6125 4.8673 3.2644 2.4903 2.8927 3.3378 2.6845 1.3539 0.14214 -0.42655 -1.0724 -2.0295 -2.5052 -2.836 -3.0247
-3.7829 -4.333 -4.3423 -4.6453 -4.5551 -3.7634 -3.1585 -3.4986 -4.9807 -7.1384 -8.6447 -10.345 -12.95 -9.8768 -0.043701 7.4617 10.491 13.551 16.604 17.422 15.121 11.535 9.9874 9.3936 8.2822 6.1942 4.0756 3.8777 3.7727 3.0581 2.3063 1.6206 1.6624 2.6659 4.0877 5.8792 7.8761 7.4617 5.7129 5.6906 5.987 4.8998 3.6807 3.8293 4.2744 3.7494 2.4559 0.97752 -0.26393 -1.0064 -1.5983 -2.0062 -2.0109 -2.2311 -2.3212
-4.4613 -4.5942 -4.3962 -4.9054 -4.7438 -3.8024 -3.0479 -3.3945 -4.8748 -6.8643 -8.5369 -10.525 -13.809 -11.255 -0.12362 8.8147 11.338 13.587 16.34 16.914 14.974 11.824 10.417 9.703 8.3222 6.3234 3.9418 3.4456 3.6333 3.1584 2.6436 2.0907 1.9569 2.8499 4.4045 6.4135 7.9802 6.8754 5.514 5.8606 5.7603 4.8106 4.2828 4.8311 4.7233 3.4205 2.0238 0.58818 -0.67093 -1.4152 -1.6801 -1.6541 -1.5816 -1.7591 -1.7888
-5.0393 -4.8181 -4.4111 -5.0541 -4.8962 -3.8982 -2.9345 -3.2217 -4.6982 -6.474 -8.3306 -10.538 -14.426 -12.95 -0.95807 9.9864 12.454 13.749 16.182 16.463 14.871 12.201 10.831 10.202 8.6493 6.617 4.2317 3.3629 3.4679 3.2188 2.967 2.6622 2.3314 2.8406 4.5811 6.644 7.6197 6.3002 5.2511 5.4889 5.3505 5.1786 5.2418 5.541 4.7976 3.1863 1.8529 0.42742 -0.79173 -1.4543 -1.4756 -1.3456 -1.4199 -1.5314 -1.5769
-5.3719 -4.9705 -4.4353 -5.0764 -4.9101 -3.939 -2.7989 -2.9903 -4.3925 -5.9267 -8.0091 -10.316 -14.567 -14.67 -2.7022 10.527 13.722 14.095 16.128 16.139 14.814 12.612 11.037 10.498 9.1111 7.0817 4.8208 3.6277 3.4539 3.4474 3.3368 3.2002 2.8174 2.9707 4.9277 6.8131 7.0807 5.908 5.1646 5.3719 5.6664 6.1905 6.2407 5.9517 4.8134 2.9531 1.3697 0.011123 -0.84377 -1.2489 -1.2666 -1.34 -1.4784 -1.4087 -1.3846
-5.3375 -5.0253 -4.5523 -5.0541 -4.7679 -3.8554 -2.6716 -2.7821 -4.0199 -5.3134 -7.6392 -9.8406 -13.98 -15.937 -5.2716 9.9734 14.933 14.761 16.226 15.932 14.67 12.969 11.147 10.424 9.4363 7.7033 5.6107 4.1527 3.6825 3.8377 3.7085 3.7039 3.6026 3.7485 5.8012 7.0398 6.526 5.7817 5.541 6.0929 6.8586 7.406 6.9135 5.9796 4.5709 2.442 0.59096 -0.59567 -1.1086 -1.2907 -1.3781 -1.6262 -1.6503 -1.4115 -1.3056
-4.9008 -4.9733 -4.8423 -5.134 -4.5486 -3.6519 -2.614 -2.705 -3.6872 -4.7289 -7.2564 -9.1734 -12.652 -16.328 -8.2628 8.1177 15.79 15.816 16.582 15.926 14.41 13.107 11.294 10.124 9.4075 8.2674 6.4488 4.871 4.1806 4.2782 4.0877 4.2484 4.5225 4.976 6.9023 7.0343 5.9824 6.0363 6.4163 7.366 8.246 8.4132 7.4543 5.9322 4.1592 1.9393 0.096613 -1.0343 -1.6141 -1.825 -1.9105 -2.0973 -1.9356 -1.5435 -1.3502
-4.1258 -4.8134 -5.3106 -5.4342 -4.3758 -3.3861 -2.6725 -2.824 -3.4549 -4.1407 -6.7676 -8.4774 -10.964 -15.764 -11.066 5.1572 15.932 17.029 17.134 16.204 14.248 12.953 11.406 9.8164 9.0079 8.4885 7.1253 5.6609 4.8626 4.7121 4.4686 4.6722 5.0727 5.9991 7.721 6.6867 5.5977 6.6737 7.537 8.6307 9.2802 9.0349 7.8241 5.8272 3.7727 1.7116 -0.052994 -1.392 -2.2581 -2.6632 -2.7413 -2.7236 -2.4346 -1.9068 -1.5435
-3.1641 -4.5319 -5.8551 -5.975 -4.3442 -3.1092 -2.8314 -3.1148 -3.309 -3.4317 -6.0233 -7.9756 -9.6101 -14.608 -13.102 1.707 15.16 17.987 17.616 16.599 14.398 12.71 11.401 9.6547 8.4709 8.3287 7.5351 6.3299 5.554 5.2055 4.7772 4.7344 5.2037 6.7285 8.1921 6.394 5.7473 7.6141 8.6567 9.7067 10 9.2653 7.6643 5.3942 3.4623 1.7432 0.045505 -1.5268 -2.6474 -3.3954 -3.6473 -3.4475 -2.9912 -2.3659 -1.9765
-2.1995 -4.1026 -6.2807 -6.6468 -4.4854 -2.8565 -3.008 -3.4754 -3.2235 -2.574 -4.9919 -7.84 -9.1966 -13.466 -14.073 -1.3846 13.739 18.541 17.907 16.797 14.758 12.646 11.338 9.6779 8.0871 7.9942 7.7237 6.7462 6.132 5.8774 5.015 4.5402 5.5187 7.4877 8.2952 6.4414 6.762 8.9931 9.8889 10.72 10.514 9.1483 7.0157 4.7521 3.191 1.7553 0.25551 -1.2694 -2.5192 -3.6398 -4.2364 -4.0636 -3.3685 -2.5378 -2.2794
-1.3967 -3.5069 -6.3801 -7.2741 -4.7707 -2.6474 -3.0981 -3.7866 -3.2421 -1.7665 -3.874 -8.0843 -9.8703 -12.892 -14.167 -3.4577 12.317 18.959 18.286 16.787 15.033 12.779 11.272 9.742 7.9012 7.6067 7.6903 6.919 6.6031 6.7527 5.3338 4.4844 6.3522 8.154 7.852 6.8261 8.6121 10.936 11.477 11.785 10.789 8.7413 6.2574 4.201 2.9168 1.576 0.33078 -0.99988 -2.272 -3.5516 -4.3916 -4.4362 -3.7235 -2.7245 -2.4086
-0.87443 -2.7803 -6.0428 -7.6755 -5.1312 -2.508 -3.0405 -3.9678 -3.4447 -1.34 -3.0247 -8.5722 -11.26 -13.159 -14.02 -4.4362 11.479 19.532 19.049 16.945 15.17 12.94 11.157 9.6296 7.7284 7.1086 7.353 6.9488 7.0556 7.6949 5.9127 4.8691 7.3446 8.4105 7.3493 7.825 10.866 13.019 13.199 12.832 10.921 8.2952 5.7343 3.8953 2.7468 1.4914 0.39583 -0.86607 -2.14 -3.4205 -4.346 -4.5904 -4.1723 -3.3964 -2.8872
-0.6858 -2.035 -5.3087 -7.7145 -5.4583 -2.4709 -2.8537 -3.9948 -3.8405 -1.4998 -2.7459 -9.1307 -12.768 -14.199 -14.363 -4.7977 11.415 20.248 19.98 17.494 15.408 13.098 11.056 9.3722 7.5035 6.5455 6.7527 6.9172 7.5063 8.495 6.8382 5.8216 8.1586 8.5201 7.8167 9.7253 12.906 14.56 14.524 13.577 10.975 8.022 5.5624 3.8303 2.7059 1.5313 0.42928 -0.81961 -2.0053 -3.2096 -4.1797 -4.5988 -4.4696 -4.0608 -3.5934
-0.82611 -1.4394 -4.3544 -7.3168 -5.6014 -2.5461 -2.627 -3.8796 -4.281 -2.115 -3.0851 -9.6724 -13.941 -15.646 -15.52 -5.1405 12.055 21.093 20.566 18.077 15.826 13.336 11.152 9.2542 7.3725 6.1571 6.1515 6.8428 7.8873 9.0637 8.0313 7.2805 8.9234 8.9922 9.3694 11.952 14.353 15.537 15.373 13.87 10.84 7.8092 5.5317 3.8396 2.6409 1.4022 0.17002 -1.0436 -2.0787 -3.0572 -3.9121 -4.5031 -4.5551 -4.2903 -4.0794
-1.2313 -1.1569 -3.4177 -6.4638 -5.3942 -2.6929 -2.4625 -3.6491 -4.5022 -2.7654 -3.8117 -10.196 -14.633 -16.997 -17.217 -5.8523 13.146 22.375 20.777 18.128 16.064 13.533 11.407 9.3806 7.353 6.0325 5.7947 6.7666 8.2376 9.5404 9.2719 8.8964 9.7783 9.8294 11.013 13.57 15.371 16.471 16.052 13.873 10.539 7.536 5.3988 3.7727 2.56 1.2563 -0.079941 -1.3298 -2.3659 -3.1204 -3.6649 -4.2494 -4.531 -4.4473 -4.4046
-1.7907 -1.2638 -2.6994 -5.2065 -4.7131 -2.824 -2.4197 -3.3369 -4.2959 -3.034 -4.5765 -10.682 -14.891 -17.817 -18.878 -7.1876 13.953 24.185 21.218 17.612 15.724 13.399 11.503 9.5395 7.2684 5.9749 5.7138 6.8094 8.7375 10.141 10.344 10.245 10.614 10.75 12.141 14.493 16.346 17.439 16.467 13.664 10.186 7.2666 5.1944 3.6481 2.4922 1.207 -0.1422 -1.4877 -2.6121 -3.2849 -3.5813 -3.8889 -4.2912 -4.5384 -4.5876
-2.3696 -1.7024 -2.2841 -3.6649 -3.5413 -2.824 -2.482 -3.0033 -3.6891 -2.811 -5.1266 -11.003 -14.757 -17.928 -20.064 -9.363 13.128 25.475 22.178 17.105 14.944 12.944 11.36 9.6631 7.1504 5.8495 5.8114 7.0826 9.4577 10.882 11.222 11.304 11.437 11.741 13.091 15.29 17.3 18.001 16.335 13.214 9.822 7.0779 5.0782 3.5701 2.3528 0.98124 -0.4219 -1.8622 -2.9689 -3.5497 -3.6826 -3.585 -3.7616 -4.1714 -4.4408
-2.8425 -2.298 -2.1317 -2.0332 -2.0035 -2.5879 -2.5591 -2.7273 -2.9661 -2.3668 -5.4277 -10.973 -14.192 -17.385 -20.571 -12.245 9.5488 24.278 22.833 17.112 14.316 12.637 11.414 10.076 7.3372 5.8002 6.0493 7.6197 10.279 11.64 12.122 12.475 12.493 12.885 14.168 16.183 18.001 18.038 15.855 12.717 9.5488 7.0157 5.0754 3.5115 2.1056 0.55379 -0.95342 -2.4272 -3.4493 -3.8944 -3.834 -3.3889 -3.1436 -3.4242 -3.9818
-3.1427 -2.8351 -2.1168 -0.53341 -0.32433 -2.0388 -2.5248 -2.5852 -2.5043 -2.1512 -5.607 -10.498 -13.159 -16.327 -20.237 -14.938 3.6286 19.413 21.835 17.541 14.286 12.878 12.083 10.959 7.9477 5.961 6.4386 8.4132 11.115 12.423 13.291 14.018 13.888 14.045 15.139 17.004 18.44 17.834 15.333 12.286 9.3638 6.9655 4.9714 3.2532 1.6717 0.031566 -1.497 -2.8472 -3.7458 -4.1435 -3.9678 -3.3341 -2.6586 -2.5898 -3.2802
-3.2867 -3.1603 -2.1057 0.64486 1.2516 -1.1551 -2.2608 -2.5879 -2.5443 -2.4551 -5.7984 -9.664 -11.758 -14.855 -18.887 -16.155 -2.5359 11.87 18.669 17.938 14.847 13.587 13.178 11.935 8.6307 6.2723 6.9646 9.4001 11.923 13.207 14.601 15.634 15.386 15.02 15.746 17.667 18.771 17.527 14.735 11.783 9.0526 6.6542 4.5458 2.6892 1.0212 -0.56035 -1.9802 -3.1195 -3.8396 -4.2002 -4.0236 -3.3611 -2.3454 -1.8343 -2.4095
-3.3694 -3.2579 -2.0295 1.3836 2.5266 -0.00095676 -1.7275 -2.6725 -3.0451 -3.2235 -5.9973 -8.6856 -10.238 -13.077 -16.592 -15.281 -6.7332 4.1611 14.104 17.917 15.758 14.477 14.202 12.535 9.1222 6.736 7.6485 10.482 12.561 13.688 15.519 16.761 16.61 15.77 16.091 18.205 18.984 17.088 14.068 11.207 8.5294 6.0168 3.8535 1.9932 0.33635 -1.0817 -2.2859 -3.2811 -3.8935 -4.1481 -3.9576 -3.3239 -2.1531 -1.3307 -1.6345
-3.5135 -3.2486 -1.918 1.6568 3.3657 1.2424 -1.0017 -2.7301 -3.7318 -4.136 -6.0623 -7.7359 -8.8658 -11.172 -13.862 -13.062 -8.3956 -1.6968 9.2849 17.177 16.739 15.488 15.001 12.846 9.6649 7.5537 8.6084 11.673 13.031 13.694 15.816 17.285 17.409 16.355 16.481 18.673 18.988 16.576 13.447 10.589 7.8222 5.2353 3.1213 1.3501 -0.21096 -1.471 -2.4783 -3.3954 -3.9762 -4.1639 -3.9632 -3.3155 -2.0397 -1.0343 -1.1114
-3.7987 -3.31 -1.8743 1.5072 3.7002 2.3008 -0.27229 -2.6716 -4.2708 -4.8385 -5.8644 -6.8494 -7.7517 -9.3574 -11.365 -10.942 -8.6391 -5.3422 4.793 15.33 17.352 16.625 15.774 13.305 10.569 8.7431 9.8573 13.037 13.588 13.615 15.944 17.671 17.908 16.865 17.175 19.168 18.809 16.022 12.752 9.7513 6.9311 4.4928 2.5377 0.86973 -0.55757 -1.7693 -2.7487 -3.6185 -4.1314 -4.2643 -4.0245 -3.3332 -1.9932 -0.81403 -0.7397
-4.2076 -3.5553 -1.9951 1.0305 3.5264 2.9103 0.25458 -2.4681 -4.4436 -5.1526 -5.4147 -5.9824 -6.8215 -7.7833 -9.4392 -9.7449 -8.746 -7.4348 0.73128 12.141 16.986 17.56 16.525 14.015 11.65 9.9307 11.141 14.344 14.259 13.85 16.35 18.231 18.247 17.357 18.177 19.668 18.451 15.329 11.84 8.7533 6.0576 3.9232 2.1679 0.57703 -0.77036 -2.0165 -3.0693 -4.0069 -4.5282 -4.5319 -4.0329 -3.23 -1.9979 -0.7397 -0.47115
-4.6285 -3.9641 -2.2999 0.36051 2.9336 2.954 0.48131 -2.1363 -4.2076 -5.0866 -4.8711 -5.1331 -5.9406 -6.4833 -7.9756 -9.1697 -8.9913 -8.5183 -2.6809 7.983 15.29 17.75 16.936 14.609 12.412 10.759 12.216 15.195 14.724 14.362 16.925 18.722 18.423 17.868 19.227 19.948 17.823 14.395 10.798 7.8752 5.4267 3.5376 1.9328 0.39304 -0.98873 -2.3055 -3.3824 -4.5012 -5.2074 -5.1192 -4.3079 -3.2765 -2.0304 -0.68487 -0.23512
-4.9157 -4.3693 -2.7013 -0.3457 2.1093 2.5554 0.49432 -1.7033 -3.6482 -4.7233 -4.3869 -4.3897 -5.0541 -5.4295 -6.7267 -8.5006 -8.968 -8.7943 -5.0597 3.7922 12.556 17 16.81 14.731 12.592 11.266 13.159 15.642 15.039 15.159 17.537 18.941 18.493 18.44 20.046 19.82 16.882 13.23 9.7281 7.1114 4.9258 3.2402 1.7572 0.28896 -1.1709 -2.5814 -3.6473 -4.8906 -5.7083 -5.6265 -4.8153 -3.6324 -2.1029 -0.53434 0.010194
-4.9816 -4.5663 -3.0516 -0.95342 1.287 2.0099 0.51755 -1.1709 -2.8964 -4.1156 -3.9781 -3.8359 -4.2113 -4.57 -5.6219 -7.5101 -8.5406 -8.5703 -6.3402 0.42835 9.5042 15.633 16.372 14.449 12.32 11.662 14.129 16.115 15.623 16.277 18.226 19.079 18.652 19.096 20.49 19.232 15.684 11.962 8.7282 6.3959 4.4668 3.0395 1.6698 0.26573 -1.2638 -2.7561 -3.8647 -5.1359 -5.909 -5.9053 -5.2195 -3.9195 -2.1512 -0.4377 0.17746
