-5.8192 -5.0153 -3.5619 -1.9709 -2.0345 -2.8508 -3.2835 -1.5309 0.84943 1.1956 1.3249 1.4197 1.2373 1.3416 1.8326 2.4144 1.9703 1.3728 1.2415 0.77332 0.036188 -0.26617 -0.30684 -0.91781 -1.5434 -2.1147 -3.0396 -3.6182 -3.9737 -4.493 -5.0143 -5.5627 -6.1049 -6.5125 -6.7617 -6.8629 -6.6741 -6.5042 -6.7054 -6.8764 -6.6356 -6.2091 -6.0903 -6.0413 -5.9161 -6.1309 -6.401 -6.2977 -5.6649 -4.8485 -4.2625 -3.8476 -3.4931 -3.0614 -2.7184
-5.7472 -5.0466 -3.515 -2.0491 -2.2982 -3.0938 -3.539 -1.9417 0.49703 1.2477 1.5125 1.3228 0.72849 0.6211 1.3322 2.1485 1.6033 0.87863 0.91616 0.71389 0.0090797 -0.60503 -0.93762 -1.4266 -1.8405 -2.3493 -3.2366 -3.9122 -4.3877 -4.7901 -5.1769 -5.6461 -6.1403 -6.646 -6.9953 -7.1861 -7.1225 -7.1162 -7.331 -7.2653 -6.9755 -6.6543 -6.4667 -6.4229 -6.5428 -6.7044 -6.5897 -6.1403 -5.1675 -4.2135 -3.5984 -3.1313 -2.8415 -2.4515 -2.146
-5.7316 -5.057 -3.4848 -2.2034 -2.5579 -3.1751 -3.6213 -2.3796 0.071637 1.2602 1.523 1.1163 0.41257 0.24888 1.0736 1.8535 1.1289 0.3667 0.49286 0.46262 -0.11082 -0.849 -1.3328 -1.6967 -2.0803 -2.6475 -3.3617 -4.0592 -4.713 -5.0351 -5.3855 -5.8046 -6.157 -6.7044 -7.1089 -7.331 -7.3748 -7.551 -7.8054 -7.6125 -7.3696 -7.0891 -6.7721 -6.7054 -6.8816 -6.9108 -6.4604 -5.669 -4.5096 -3.4931 -2.8821 -2.4734 -2.1804 -1.8603 -1.7519
-5.7598 -4.9934 -3.4013 -2.3577 -2.7518 -3.1282 -3.6057 -2.8467 -0.49868 1.0163 1.1987 0.79105 0.33855 0.23533 0.97351 1.4854 0.63778 -0.039924 0.014293 -0.080586 -0.531 -1.1482 -1.4933 -1.6205 -1.9896 -2.7174 -3.3899 -4.0519 -4.7943 -5.1821 -5.6826 -6.1341 -6.3791 -6.8556 -7.1444 -7.404 -7.6 -7.7845 -8.0327 -7.9941 -7.943 -7.6865 -7.3727 -7.1819 -6.8462 -6.4427 -5.7952 -4.7995 -3.7058 -2.7924 -2.1721 -1.8958 -1.6529 -1.509 -1.7686
-5.7973 -4.8193 -3.2116 -2.4338 -2.8154 -2.976 -3.5317 -3.2835 -1.2108 0.40945 0.55541 0.43238 0.46679 0.4157 0.87758 1.0621 0.21656 -0.33394 -0.48408 -0.80208 -1.1931 -1.6372 -1.7748 -1.6185 -1.7248 -2.4181 -3.172 -3.7464 -4.4971 -5.1342 -5.8265 -6.3926 -6.7346 -7.1047 -7.1193 -7.2789 -7.4749 -7.4916 -7.6563 -7.8523 -8.1807 -8.3017 -8.2224 -7.8794 -6.9942 -6.083 -5.1759 -3.981 -2.9916 -2.3764 -1.9 -1.7206 -1.5778 -1.6237 -2.0292
-5.8056 -4.5305 -2.9155 -2.3817 -2.708 -2.7434 -3.418 -3.6161 -1.9688 -0.45489 -0.2057 0.18216 0.73162 0.6138 0.66906 0.61484 -0.10874 -0.55498 -0.90843 -1.4193 -1.7915 -2.195 -2.3493 -2.1168 -1.7738 -2.0376 -2.7414 -3.1261 -3.8705 -4.885 -5.7076 -6.4187 -6.9233 -7.1517 -7.0234 -7.0526 -7.1715 -7.3049 -7.6855 -8.1651 -8.8324 -9.2849 -9.0451 -8.1505 -6.9713 -5.864 -4.7953 -3.5953 -2.6507 -2.2148 -1.9354 -1.7915 -1.7592 -1.9729 -2.3087
-5.7525 -4.1604 -2.5631 -2.2138 -2.4505 -2.4807 -3.3023 -3.809 -2.6194 -1.3192 -0.82919 0.12273 1.0726 0.81503 0.42404 0.21969 -0.34437 -0.72597 -1.1618 -1.7217 -2.0376 -2.4995 -2.9061 -2.9322 -2.2909 -1.8729 -2.2753 -2.4484 -3.198 -4.5326 -5.4782 -6.3822 -6.8368 -6.8055 -6.8649 -6.9369 -7.0078 -7.3904 -7.9378 -8.5248 -9.1764 -9.5831 -9.2067 -7.894 -6.4813 -5.252 -4.1625 -3.2846 -2.5923 -2.2399 -2.0616 -1.9542 -1.9323 -2.1419 -2.4484
-5.6221 -3.76 -2.219 -1.9771 -2.1179 -2.2649 -3.2345 -3.8664 -3.0114 -1.902 -1.1378 0.23846 1.4719 1.1914 0.42717 0.054955 -0.45802 -0.8563 -1.2546 -1.6987 -1.8603 -2.3775 -3.0687 -3.4837 -2.8467 -1.8061 -1.853 -2.0407 -2.782 -4.0968 -5.0789 -6.2039 -6.572 -6.3655 -6.6105 -6.5355 -6.3989 -6.5918 -6.5042 -6.7012 -7.0453 -7.2309 -7.4405 -6.7596 -5.497 -4.3606 -3.4483 -2.904 -2.6267 -2.4661 -2.2638 -2.1961 -2.1669 -2.2159 -2.5089
-5.4094 -3.3753 -1.926 -1.7102 -1.7853 -2.1346 -3.1928 -3.7454 -2.9916 -1.974 -1.0283 0.53456 1.9984 1.9671 0.9881 0.34168 -0.34333 -0.90843 -1.216 -1.4151 -1.3526 -1.9698 -2.8727 -3.49 -3.0208 -1.6508 -1.486 -1.9271 -2.5964 -3.5139 -4.2532 -5.3917 -5.9881 -5.9745 -5.9391 -5.3031 -5.2092 -5.5022 -4.5899 -4.0144 -4.0311 -3.8236 -4.1291 -4.0499 -3.4045 -3.0364 -2.8571 -2.732 -2.7309 -2.6819 -2.3525 -2.2784 -2.3796 -2.4369 -2.7361
-5.1206 -3.0281 -1.6862 -1.4037 -1.4506 -2.0188 -3.0156 -3.2835 -2.3848 -1.3661 -0.38607 1.157 2.7991 3.2099 2.1757 1.1716 0.13732 -0.71242 -0.92094 -0.83857 -0.64673 -1.5236 -2.6079 -3.1469 -2.8863 -1.6018 -1.2869 -1.7019 -2.1419 -2.7758 -3.1866 -3.932 -4.8537 -5.1321 -4.5253 -3.6651 -4.4023 -5.6565 -4.346 -2.4181 -1.9594 -1.6967 -1.3714 -1.0064 -0.91364 -1.3693 -2.0397 -2.6454 -2.8936 -2.7945 -2.4588 -2.3712 -2.538 -2.7455 -3.173
-4.7609 -2.7226 -1.4704 -1.0075 -1.0127 -1.705 -2.4046 -2.219 -1.0252 0.014293 0.90261 2.3247 3.9783 4.7259 3.6937 2.3727 1.0381 -0.039924 -0.16191 0.039316 0.078935 -1.1514 -2.3483 -2.6871 -2.7038 -1.9375 -1.3766 -0.98663 -0.9689 -1.9135 -2.4254 -2.6465 -3.5046 -3.6589 -2.9207 -2.855 -4.1875 -5.5231 -3.466 0.39694 1.646 1.108 0.98706 1.0945 0.45845 -0.57062 -1.5309 -2.5558 -2.953 -2.6955 -2.4515 -2.4505 -2.6913 -3.1511 -3.8632
-4.3303 -2.4505 -1.2473 -0.45489 -0.30162 -0.92303 -1.0794 -0.35688 1.1195 2.0954 2.796 4.0545 5.4203 6.1199 5.0429 3.5655 2.2028 1.1132 1.0288 1.0142 0.58774 -0.81042 -1.8906 -2.0803 -2.4307 -2.4484 -1.6914 -0.09414 0.46679 -1.0607 -2.0876 -2.1606 -2.6277 -2.3201 -2.2691 -3.3732 -3.6526 -3.1063 -0.27451 4.2088 5.9979 5.2243 4.1994 3.2652 1.4573 -0.76976 -1.9521 -2.5308 -2.6965 -2.2034 -1.9073 -2.1606 -2.8779 -3.8476 -4.8589
-3.8226 -2.1971 -1.0075 0.27808 0.80877 0.50016 1.0329 2.2288 3.822 4.5549 4.948 5.9739 6.7476 7.0249 5.8697 4.4142 3.2923 2.3967 2.2726 1.7753 0.79835 -0.37878 -1.0836 -1.2483 -1.8176 -2.5193 -1.9198 0.25097 1.0778 -0.5237 -1.8395 -2.1731 -2.2503 -1.7008 -2.7132 -4.078 -2.2649 0.064339 2.282 4.8166 6.1293 6.6506 6.1553 4.9709 2.8784 -0.18381 -1.6039 -1.6018 -1.7248 -1.3693 -1.2442 -2.0803 -3.4743 -4.9986 -6.1612
-3.2293 -1.9417 -0.75725 1.1455 2.3174 2.5114 3.6854 5.1346 6.5786 6.8612 6.7851 7.4503 7.517 7.3064 6.1637 4.8396 4.0201 3.3496 3.1515 2.2476 0.97038 0.27599 -0.071202 -0.34854 -0.86047 -1.8103 -1.6487 0.053913 0.67636 -0.32977 -1.435 -1.998 -1.7352 -1.533 -3.3878 -3.6995 -0.36105 1.9181 2.9847 3.3361 3.3257 4.4673 4.5904 3.9909 3.431 1.8629 0.88697 0.64821 -0.025327 -0.26513 -0.88758 -2.66 -4.5461 -6.4051 -7.6344
-2.5235 -1.6393 -0.49555 2.0505 4.0545 4.8197 6.3847 7.7631 8.7921 8.4825 7.811 8.006 7.5264 7.1125 6.1804 5.0116 4.3568 3.8032 3.5759 2.6229 1.4615 1.1549 0.79209 0.29893 0.10813 -0.61024 -0.73431 0.15505 0.44802 0.16339 -0.6999 -1.2765 -0.86255 -1.6664 -3.9821 -2.6913 1.2279 2.7335 3.7761 3.8365 2.6302 2.4113 2.0401 2.0464 2.8992 3.1599 2.5406 1.8118 1.1591 0.39485 -1.1795 -3.7464 -5.9193 -7.5708 -8.285
-1.6768 -1.2275 -0.19423 2.8711 5.7362 7.0009 8.6024 9.596 10.029 9.1247 7.8882 7.6234 6.9363 6.7194 6.1553 5.1419 4.4955 3.9585 3.7594 3.0369 2.2559 2.0234 1.2133 0.50641 0.78583 0.51579 0.39277 0.87967 1.2352 1.4646 0.5356 -0.1421 -0.2693 -2.3358 -4.3845 -1.8051 2.1266 3.4331 4.7249 4.9073 3.431 2.1684 1.8994 2.6209 2.6782 2.1027 1.1195 1.1236 1.5636 -0.11916 -2.6892 -5.3 -7.4467 -8.1067 -7.1663
-0.66237 -0.63213 0.20509 3.5154 7.0687 8.667 9.9912 10.42 10.207 8.8484 7.271 6.6902 6.1084 6.3201 6.1293 5.2816 4.6123 4.0868 3.8939 3.359 2.9409 2.5833 1.2039 0.40111 1.2133 1.3426 1.1445 1.4959 2.3268 3.0223 1.9171 0.75456 -0.66133 -3.2022 -3.5265 -0.24532 2.8659 4.1003 4.8281 4.3109 3.4612 2.7481 3.3528 4.7009 3.4445 1.6502 0.9808 2.2101 2.7887 -0.76663 -4.274 -6.1768 -7.6354 -7.1318 -4.762
0.52831 0.19884 0.75456 3.9346 7.8381 9.5887 10.486 10.357 9.5835 7.9831 6.3764 5.6653 5.3306 5.951 6.0021 5.3411 4.7197 4.2546 3.9929 3.4164 3.1912 2.7595 1.0642 0.27495 1.5897 2.0703 1.5324 1.5073 2.7147 3.871 2.6532 0.71702 -1.8968 -3.4785 -1.0534 2.1955 3.309 3.7782 4.1827 3.653 3.6489 3.53 4.1347 5.6048 5.1336 4.6957 4.9063 5.389 4.189 -0.46844 -4.151 -5.3969 -5.5366 -4.2417 -2.1189
1.8795 1.2738 1.4677 4.1233 7.9789 9.7461 10.241 9.7253 8.5701 6.9238 5.5339 4.802 4.6873 5.5871 5.7352 5.2503 4.728 4.3433 3.9971 3.3006 3.1161 2.6897 1.0194 0.23429 1.8274 2.7314 2.0067 1.4469 2.5228 3.848 2.5249 -0.027412 -2.8967 -2.9019 1.2144 3.5248 2.4582 1.7127 2.7647 3.7959 4.337 4.2838 4.4851 5.6111 6.6495 7.7745 7.5723 6.0855 3.8762 0.60859 -2.3462 -3.7694 -2.9843 -1.3641 -0.24324
3.3371 2.5416 2.3008 4.1055 7.5598 9.278 9.5053 8.8338 7.5316 5.9844 4.899 4.1514 4.1702 5.2524 5.4328 5.0627 4.6112 4.2703 3.9127 3.2714 3.0296 2.4791 0.96934 0.077893 1.5438 2.8784 2.5812 1.867 2.3592 3.4185 2.1079 -0.42048 -2.5923 -1.6873 1.8358 2.8075 1.1299 -0.24011 1.3801 4.0075 4.6488 4.7457 5.1534 5.5277 6.4775 7.2157 6.097 4.5925 3.6176 2.4019 0.32499 -1.4329 -0.97933 -0.027412 0.35315
4.8114 3.9001 3.162 3.9231 6.7517 8.4053 8.5054 7.8736 6.6621 5.3254 4.5101 3.7271 3.8136 5.0251 5.2222 4.8896 4.4517 4.0962 3.7959 3.4226 3.0754 2.1736 0.76811 -0.29015 0.68887 2.1944 2.7971 2.5437 2.3393 2.8304 1.7888 -0.031583 -1.1597 -0.1421 1.792 1.989 1.5344 0.57105 1.7284 4.3902 4.5028 4.4131 5.0783 4.9886 5.4787 5.9041 5.2722 5.3181 5.2889 4.2692 2.8492 1.6147 1.2488 1.0215 0.68574
6.1908 5.2253 3.9502 3.6374 5.7664 7.3617 7.4169 6.9196 6.001 4.972 4.3652 3.578 3.7021 4.9303 5.1065 4.777 4.3308 3.9346 3.677 3.5842 3.187 1.9953 0.69096 -0.45593 -0.087884 1.157 2.5354 3.0661 2.4082 2.2465 1.4573 0.51475 0.25097 1.2133 2.331 2.5948 3.5957 3.3486 3.48 4.9793 4.3287 3.653 4.3318 4.6394 5.3546 6.3211 6.8862 7.5764 6.9185 5.2253 4.361 3.6593 2.868 2.55 1.9504
7.3554 6.3931 4.5914 3.3277 4.8041 6.3347 6.3701 6.0104 5.4954 4.8406 4.409 3.7146 3.8386 4.8667 4.9595 4.6748 4.2505 3.8303 3.5571 3.5613 3.2746 2.281 1.278 0.16547 -0.023242 0.58565 2.1579 3.3236 2.6928 2.135 1.303 0.86403 1.1247 2.0547 3.1745 3.8616 5.2722 5.2441 4.949 5.805 5.2326 4.5403 4.9522 5.1503 5.193 5.9281 7.1208 7.6275 6.4077 4.9991 4.6863 3.8407 2.8909 3.3194 3.3528
8.2051 7.3085 5.0595 3.0806 4.0169 5.4484 5.4578 5.194 5.0762 4.7885 4.5017 3.9992 4.0753 4.6873 4.655 4.5184 4.1545 3.7448 3.4581 3.3601 3.3319 3.1098 2.6824 1.6648 0.95682 0.75456 1.9098 3.1912 3.04 2.8106 1.9233 1.4646 1.9108 2.698 3.7782 4.8051 5.7039 5.2159 5.4286 6.7663 6.9853 6.6923 6.1199 5.0887 3.9627 3.9158 4.8938 5.0533 3.9439 3.237 3.3913 2.8794 2.2497 2.746 3.2005
8.6712 7.9132 5.3692 2.9733 3.4894 4.7541 4.7342 4.5163 4.6863 4.6696 4.4798 4.2015 4.2036 4.3349 4.2036 4.2922 4.0075 3.6312 3.4185 3.1693 3.4205 4.1775 4.4767 3.6113 2.3894 1.4281 1.8368 2.625 3.0671 3.8856 3.2881 2.3821 2.6302 3.2902 4.0941 5.1607 5.2191 3.9168 4.7249 6.3472 6.5985 6.3149 4.9845 3.7907 3.2005 2.821 2.6042 2.0891 1.5282 1.2967 1.3197 1.4281 1.6804 1.7847 1.7159
8.7317 8.1812 5.5496 3.0462 3.2412 4.2463 4.1942 3.9919 4.2922 4.4017 4.24 4.141 4.0909 3.8783 3.7104 4.0138 3.8334 3.4914 3.4289 3.1536 3.6113 5.1211 6.1428 5.6007 3.971 2.4446 2.0985 2.0641 2.8262 4.5956 4.3818 2.9076 2.6824 3.3152 3.8094 4.5257 3.9544 2.3894 3.3966 4.2776 3.7114 3.4591 2.8523 3.2277 3.8876 3.163 1.8274 1.0611 1.3791 1.5751 0.69721 0.22073 1.0329 1.3436 0.74309
8.4137 8.1207 5.6236 3.284 3.2339 3.8876 3.7907 3.5884 3.8751 3.9919 3.8105 3.7969 3.725 3.3924 3.2381 3.6791 3.6687 3.3507 3.4174 3.3017 3.9304 5.7956 7.4273 7.4472 5.6267 3.7 2.7387 2.0161 2.7282 4.4705 4.2661 2.7116 2.2393 2.7116 2.821 2.9712 2.3008 1.5626 2.7439 2.8117 2.0714 2.3279 2.7929 4.1108 4.606 3.5498 2.6386 2.3289 2.6146 2.7335 1.3582 -0.057648 0.57418 1.3405 0.87133
7.7766 7.7662 5.5902 3.6176 3.3913 3.6395 3.4633 3.2443 3.4341 3.5029 3.2954 3.261 3.1369 2.8367 2.7157 3.2475 3.5081 3.1974 3.2829 3.4539 4.264 6.1626 8.1874 8.8537 7.0593 4.827 3.4299 2.4457 2.9284 3.6989 3.1067 2.2403 2.1256 2.1965 1.9463 1.8024 1.2175 1.4364 2.7626 2.7898 2.8544 3.3976 3.7542 4.5372 4.3245 3.5352 3.5884 3.6124 3.0077 2.6542 1.9557 0.72432 0.74726 1.2519 1.205
6.9019 7.1677 5.4349 3.946 3.6197 3.4737 3.1766 2.9097 2.9753 3.0056 2.7866 2.6354 2.3498 2.0724 2.0015 2.6709 3.2913 2.9733 2.9826 3.4477 4.4256 6.1553 8.2427 9.3864 7.8142 5.5027 4.0044 3.1787 3.4289 3.0661 1.9713 1.8264 2.2267 1.8681 1.6481 1.9119 1.2998 1.646 2.8398 3.1766 3.8001 3.9043 3.5404 3.7093 3.6186 3.2131 3.1495 3.4278 2.9378 2.4728 2.4978 1.8837 1.2227 0.81711 0.95578
5.8686 6.3858 5.143 4.1691 3.8272 3.3705 2.9274 2.5625 2.5082 2.5312 2.3122 1.9765 1.4052 1.0256 1.0131 1.9275 2.9493 2.6365 2.5552 3.2214 4.2901 5.7654 7.5827 8.9475 7.8548 5.9103 4.8229 4.4183 4.4361 3.4018 1.8681 1.5574 1.8577 1.0298 1.0486 2.3279 2.1277 2.4009 3.3371 3.5978 3.8167 3.2454 2.5687 2.5447 2.9253 2.8012 2.38 3.0838 3.309 2.8367 2.7991 2.4102 1.4635 0.26765 -0.01073
4.7447 5.4776 4.7082 4.2202 3.946 3.3069 2.7241 2.2132 2.0422 2.0891 1.8639 1.3249 0.41883 -0.19527 -0.18589 1.0236 2.4446 2.2184 2.0933 2.796 3.8407 5.0992 6.4806 7.9382 7.614 6.4431 6.1585 6.269 6.0417 4.8458 3.1088 2.0036 1.5709 -0.046179 -0.23906 2.0015 2.8189 3.3309 3.8386 3.4466 2.9086 2.1475 1.6429 1.5469 2.1986 2.5854 2.6261 3.4122 3.4956 2.9941 2.771 2.2956 1.4302 0.058083 -0.81876
3.5853 4.4924 4.142 4.0764 3.9314 3.2496 2.5656 1.8712 1.5834 1.6794 1.4354 0.72015 -0.44759 -1.3401 -1.4214 -0.021156 1.7836 1.8003 1.6679 2.2048 3.1161 4.2599 5.2462 6.8164 7.4294 7.1365 7.6453 8.2448 7.8997 6.8278 5.2868 3.8094 2.6834 0.086234 -0.73744 1.8451 3.1297 3.2746 3.0212 2.0808 1.3165 0.99957 0.95474 0.9881 1.6627 2.1892 2.6792 3.2089 2.9441 2.7095 2.4822 1.7993 1.0256 0.1196 -0.63943
2.4363 3.4633 3.4675 3.7573 3.7719 3.1474 2.4217 1.5449 1.1393 1.3019 1.0361 0.19154 -1.0909 -2.194 -2.4974 -1.1399 1.0017 1.4354 1.3124 1.524 2.2142 3.3132 4.0242 5.7341 7.2584 7.7307 8.7536 9.7315 9.5491 8.7431 7.6911 6.563 5.1576 1.9807 0.80877 3.0535 3.4956 2.2883 1.474 0.9318 0.51579 0.63778 0.97976 1.0799 1.3489 1.4458 1.9557 2.3341 2.0182 1.7252 1.4187 0.97246 0.44698 0.21865 -0.0086449
1.3447 2.4228 2.7136 3.2996 3.4675 2.9493 2.2424 1.2269 0.72432 0.95578 0.66489 -0.26409 -1.5184 -2.6944 -3.27 -2.2044 0.17069 1.1257 1.035 0.90991 1.3332 2.3633 2.9138 4.7207 6.9707 8.1228 9.4188 10.565 10.734 10.316 9.7795 9.1174 7.6453 4.5789 3.3632 4.7478 4.2453 2.2194 1.4948 1.9296 1.8618 1.8003 1.9755 1.5563 1.0392 1.0809 1.9431 2.1746 1.5324 0.75143 0.45741 0.5502 0.25201 0.39902 0.29163
0.3521 1.402 1.9119 2.7408 3.0212 2.6115 1.9703 0.90365 0.35732 0.63987 0.30623 -0.6728 -1.8082 -2.9061 -3.6776 -3.0489 -0.5946 0.86403 0.85673 0.52205 0.6701 1.5365 2.0318 3.8783 6.6058 8.3907 9.865 10.915 11.365 11.414 11.341 10.866 9.3562 6.8059 5.2055 5.4474 5.5746 4.7593 4.3891 5.1805 5.1565 4.4235 3.873 2.55 1.1382 1.3843 2.6209 2.4196 1.451 0.78896 0.68887 0.67323 0.27182 0.53665 0.24263
-0.50598 0.43656 1.0965 2.1006 2.4405 2.111 1.5626 0.55437 0.053913 0.35836 -0.046179 -1.0367 -2.0032 -2.9155 -3.7444 -3.5629 -1.1858 0.68157 0.78896 0.37921 0.24054 0.83171 1.378 3.2683 6.2179 8.5096 10.161 11.01 11.528 11.931 12.272 11.884 10.454 8.4689 6.1814 5.4526 7.4138 9.1112 9.01 9.2353 8.961 7.4524 6.0125 4.1128 2.0724 1.8973 2.6083 1.8264 1.0371 1.1716 1.3363 0.97142 0.60233 0.8119 0.19362
-1.2097 -0.43404 0.3031 1.402 1.7409 1.4646 1.0131 0.154 -0.19423 0.12898 -0.36522 -1.3203 -2.072 -2.7622 -3.5484 -3.7527 -1.5601 0.58669 0.79626 0.36149 -0.063904 0.1905 0.84422 2.7877 5.7341 8.3167 10.204 11.005 11.453 11.902 12.459 12.263 11.106 9.6096 7.0645 5.8853 8.8255 12.154 12.415 11.939 11.171 9.0716 7.053 5.1836 3.1891 2.3706 2.1079 1.1111 0.85673 1.5688 1.9734 1.8086 1.6439 1.427 0.51371
-1.7603 -1.1764 -0.42674 0.67427 0.96099 0.72536 0.35523 -0.30892 -0.41631 -0.040966 -0.60815 -1.485 -1.9761 -2.4505 -3.173 -3.6787 -1.7519 0.52101 0.78896 0.35523 -0.25679 -0.28703 0.4157 2.3174 5.07 7.7109 9.8441 10.801 11.192 11.46 11.979 12.085 11.382 10.233 8.0123 6.8403 9.0267 12.094 12.823 12.074 10.852 8.7317 6.6954 5.0585 3.5759 2.6699 1.9431 1.2644 1.5542 2.3133 2.6344 2.6834 2.527 1.9588 1.3791
-2.171 -1.7676 -1.0534 -0.033668 0.17069 -0.022199 -0.34333 -0.8271 -0.66133 -0.16712 -0.74786 -1.5288 -1.7321 -1.998 -2.658 -3.3638 -1.7936 0.38651 0.68053 0.34272 -0.23489 -0.41527 0.16964 1.8368 4.2849 6.7872 8.9965 10.095 10.507 10.7 11.163 11.622 11.49 10.543 8.7035 7.7287 8.5951 10.407 11.23 10.433 9.0955 7.444 5.6726 4.1045 3.0754 2.5312 1.9817 1.6856 2.1298 2.7606 2.8408 2.7793 2.7449 2.4665 2.552
-2.4609 -2.2023 -1.5496 -0.66967 -0.55289 -0.69782 -1.0033 -1.3599 -0.95743 -0.29015 -0.79374 -1.4829 -1.4099 -1.4568 -2.0126 -2.7841 -1.6581 0.16756 0.46054 0.34272 0.00073874 -0.2276 0.030975 1.3061 3.5227 5.7821 7.7568 8.8328 9.3499 9.7159 10.281 11.034 11.378 10.619 9.0267 8.1791 8.1395 8.6629 8.911 8.0456 6.9279 5.6914 4.1191 2.6323 1.8722 1.6825 1.6231 1.6043 1.8973 2.625 2.8325 2.6427 2.7585 2.9931 3.432
-2.6423 -2.489 -1.9083 -1.1889 -1.1472 -1.2546 -1.5715 -1.853 -1.3015 -0.44863 -0.78019 -1.3714 -1.0669 -0.88341 -1.2692 -1.9667 -1.3151 -0.048265 0.20822 0.36878 0.30831 0.024719 -0.22447 0.61693 2.8492 4.9146 6.4243 7.4169 8.1196 8.6785 9.3552 10.216 10.678 10.178 9.0027 8.0998 7.2981 6.6433 6.0886 5.3796 4.7249 3.7177 2.2841 0.94953 0.22595 0.07268 0.42092 0.80669 1.2196 2.185 2.6636 2.4426 2.3571 2.8846 3.7761
-2.7226 -2.6475 -2.1408 -1.5768 -1.5903 -1.6852 -2.0292 -2.2649 -1.6497 -0.65299 -0.74474 -1.2004 -0.70512 -0.30788 -0.50181 -1.0513 -0.81668 -0.14731 0.042444 0.43656 0.58565 0.20509 -0.62379 -0.22655 2.2226 4.2578 5.2806 6.2419 7.1604 7.7026 8.2771 9.0424 9.3124 9.0935 8.5857 7.6025 6.0938 4.6091 3.6875 3.4205 3.1849 2.2559 0.79835 -0.60607 -1.4579 -1.7217 -1.2254 -0.48512 0.22907 1.2164 1.7513 1.7565 1.6231 2.4436 3.9001
-2.707 -2.6976 -2.2691 -1.8457 -1.8927 -2.0126 -2.3952 -2.5787 -1.9458 -0.86881 -0.72076 -0.97828 -0.30788 0.27078 0.22803 -0.21196 -0.2766 -0.078501 0.030975 0.58044 0.87029 0.43238 -0.87611 -0.96786 1.6231 3.7677 4.4329 5.3077 6.3253 6.6871 6.9311 7.4253 7.5201 7.6213 7.7266 6.8456 5.1951 3.5988 2.7668 2.7553 2.4405 1.2185 -0.61858 -2.2638 -3.1376 -3.4128 -2.7904 -1.8447 -1.0221 -0.067032 0.55541 0.91303 1.1883 2.4947 3.9982
-2.61 -2.6569 -2.3128 -2.0147 -2.0762 -2.2492 -2.683 -2.805 -2.1481 -1.0554 -0.74057 -0.75933 0.10187 0.83275 0.89531 0.48347 0.23012 0.14983 0.1832 0.8119 1.1977 0.7973 -0.71033 -1.2796 1.1341 3.382 3.8616 4.4444 5.2785 5.4391 5.2858 5.3588 5.4484 5.9864 6.4932 5.8686 4.6415 3.3893 2.7043 2.551 1.7346 -0.071202 -2.4734 -4.2552 -5.1467 -5.7306 -4.9434 -3.3909 -2.2096 -1.0169 -0.13584 0.49286 1.278 2.8669 4.0367
-2.4557 -2.537 -2.2805 -2.096 -2.1554 -2.389 -2.8884 -2.9624 -2.2534 -1.1952 -0.85004 -0.63318 0.43134 1.2946 1.4719 1.0611 0.70868 0.50328 0.47305 1.1195 1.5125 1.1737 -0.19944 -1.0523 0.85569 3.015 3.4216 3.5665 3.9408 3.9335 3.5644 3.2402 3.2902 4.1525 4.9595 4.7499 4.0816 3.1276 2.4426 1.9661 0.59086 -1.8791 -4.933 -6.7054 -7.3915 -8.4237 -7.7387 -5.1926 -3.0281 -1.4673 -0.29432 0.84109 1.9692 2.9649 3.7114
-2.2732 -2.3441 -2.1648 -2.0928 -2.1398 -2.4192 -2.9885 -3.0573 -2.2951 -1.3213 -1.0857 -0.67384 0.57627 1.523 1.8399 1.4917 1.1101 0.85778 0.80877 1.4635 1.7774 1.4125 0.35106 -0.5091 0.73892 2.4957 2.8117 2.5677 2.4509 2.3456 2.1048 1.6721 1.427 2.0829 3.0911 3.5634 3.5477 2.7752 1.8629 0.9391 -1.0627 -4.4388 -8.3257 -9.9146 -9.4736 -9.9563 -9.5445 -6.4833 -3.2595 -1.3453 0.082063 1.6585 2.5312 2.5103 3.1484
-2.0772 -2.0876 -1.9656 -2.0074 -2.0501 -2.3525 -2.9791 -3.0875 -2.3181 -1.4954 -1.4548 -0.87611 0.51058 1.425 1.8472 1.6272 1.254 0.96308 0.95787 1.6929 1.9807 1.5188 0.66698 -0.064947 0.55541 1.6731 1.7878 1.2988 0.89948 0.8265 0.9318 0.68157 0.034103 0.0049092 0.95161 2.1871 2.9941 2.3967 1.0642 -0.262 -2.8696 -7.2226 -11.641 -12.905 -11.121 -10.1 -9.3996 -6.3144 -2.5902 -0.44238 1.0183 2.208 2.2872 2.1465 3.4393
-1.8666 -1.7759 -1.6946 -1.8614 -1.9375 -2.2576 -2.903 -3.0594 -2.3691 -1.7728 -1.9114 -1.1441 0.32187 1.0705 1.4719 1.3614 0.97559 0.58982 0.63153 1.5115 1.9849 1.5313 0.65446 -0.040966 0.09249 0.55646 0.41675 -0.20466 -0.6655 -0.60815 -0.24115 -0.27139 -1.068 -1.6831 -1.0565 0.62527 2.185 1.7763 0.19988 -1.0221 -3.7965 -8.3653 -12.049 -12.911 -11.091 -9.0065 -7.1965 -4.0259 -0.7145 1.0548 2.0391 2.477 2.3602 2.968 4.7103
-1.6216 -1.4287 -1.3818 -1.6904 -1.8645 -2.2294 -2.8404 -2.9968 -2.4661 -2.1669 -2.3733 -1.3474 0.16547 0.68678 0.94431 0.84735 0.38442 -0.18485 -0.22551 0.69721 1.5219 1.3478 0.36461 -0.44342 -0.68322 -0.74161 -1.069 -1.705 -2.1158 -1.9625 -1.5392 -1.4256 -2.0105 -2.7893 -2.538 -0.7781 1.2613 1.1236 -0.20153 -0.78123 -3.0771 -6.3916 -7.7126 -7.8502 -7.0234 -5.0445 -2.6152 0.0069945 1.8493 2.5573 2.7877 2.9534 3.6009 4.8229 6.0115
-1.3203 -1.07 -1.0721 -1.5403 -1.8916 -2.3431 -2.8696 -2.9384 -2.61 -2.635 -2.7507 -1.3953 0.15922 0.52205 0.62736 0.45949 -0.11395 -0.91364 -1.2327 -0.57792 0.4866 0.82441 -0.072245 -1.0325 -1.6185 -2.12 -2.5787 -3.0604 -3.343 -3.2001 -2.7737 -2.4755 -2.7174 -3.4556 -3.4702 -1.7311 0.58982 0.8682 0.1832 0.39798 -0.75725 -1.4694 0.32708 1.2707 1.2978 2.0881 3.2871 4.1441 4.1775 4.0232 3.9273 4.239 5.4151 6.5891 7.0708
-0.95847 -0.73952 -0.81251 -1.4423 -2.0282 -2.6069 -3.0177 -2.9196 -2.7883 -3.1073 -2.9905 -1.2921 0.3031 0.66698 0.741 0.50954 -0.12542 -1.0909 -1.804 -1.7509 -0.83545 -0.03054 -0.58 -1.6132 -2.5297 -3.4212 -4.0561 -4.3241 -4.4064 -4.3074 -3.7788 -3.2105 -3.174 -3.8215 -3.9289 -2.1877 0.29372 1.0726 1.0955 2.087 2.5593 4.5925 8.7494 10.651 10.317 9.401 8.4721 7.6244 6.5818 6.1595 6.1585 6.5276 7.2449 7.5921 7.6067
-0.57062 -0.47887 -0.64152 -1.4078 -2.2388 -2.9488 -3.2397 -2.9561 -2.9812 -3.5098 -3.0959 -1.118 0.49703 1.0058 1.2029 0.98602 0.39589 -0.57479 -1.6153 -2.2753 -1.9333 -1.0294 -1.1712 -2.1637 -3.2814 -4.371 -5.2343 -5.4657 -5.4146 -5.2843 -4.5878 -3.8705 -3.589 -3.9258 -3.9539 -2.2451 0.30518 1.5 2.0349 3.7302 5.6862 9.2008 14.196 16.771 16.456 14.533 12.585 11.133 9.6784 8.9871 8.6931 8.5815 8.4502 7.9007 7.5848
-0.21717 -0.33916 -0.59668 -1.4485 -2.4765 -3.2762 -3.4629 -3.0479 -3.1834 -3.7986 -3.099 -0.97307 0.62736 1.3259 1.7159 1.5939 1.1424 0.32187 -0.83649 -2.0136 -2.4202 -1.8781 -1.7853 -2.6392 -3.7548 -4.7932 -5.8171 -6.2571 -6.2852 -6.0569 -5.3093 -4.7672 -4.1812 -3.9091 -3.7715 -2.0751 0.52309 1.8545 2.5322 4.7426 7.6338 11.3 16.092 19.104 19.176 17.551 15.898 14.312 12.485 11.267 10.265 9.3656 8.7171 8.0383 7.787
0.020549 -0.36105 -0.7145 -1.5861 -2.7257 -3.539 -3.637 -3.1918 -3.4055 -3.9706 -3.0468 -0.91364 0.63987 1.4677 2.0161 2.0193 1.7357 1.1372 0.074765 -1.2452 -2.2284 -2.2962 -2.2055 -2.856 -3.8768 -4.8391 -5.8984 -6.5647 -6.8086 -6.525 -5.9797 -5.8223 -4.7588 -3.7736 -3.5556 -1.8259 0.81711 1.9682 2.4353 4.8938 8.3417 11.771 15.985 18.995 19.498 18.699 17.479 15.736 13.7 12.037 10.69 9.6075 8.912 8.397 8.1071
0.064339 -0.58105 -1.0356 -1.8812 -3.0333 -3.7704 -3.7767 -3.392 -3.6641 -4.0592 -2.9707 -0.94075 0.54603 1.4031 2.012 2.1298 1.9776 1.5939 0.75143 -0.39233 -1.584 -2.1929 -2.2847 -2.758 -3.7246 -4.8151 -5.8755 -6.5897 -6.9744 -6.7325 -6.5793 -6.6303 -4.8506 -3.3273 -3.3231 -1.729 0.95474 1.939 2.0213 4.3276 8.0216 11.226 14.681 17.404 18.405 18.218 17.057 15.392 13.641 11.93 10.756 10.057 9.4563 8.8026 8.0248
-0.15044 -1.0231 -1.5976 -2.4077 -3.491 -4.0717 -3.9456 -3.6505 -3.9664 -4.1187 -2.8988 -1.0294 0.374 1.1789 1.7722 1.9765 1.8973 1.6773 1.0694 0.2176 -0.87819 -1.7853 -2.1773 -2.6194 -3.5546 -4.8641 -5.9547 -6.6189 -7.0234 -6.9139 -7.1881 -7.1047 -4.6264 -2.9895 -3.4983 -2.3118 0.56793 1.9213 1.6887 3.4091 7.0301 9.9317 12.481 14.969 16.662 16.92 15.865 14.59 13.363 12.062 11.15 10.494 9.6919 8.7077 7.5504
-0.66758 -1.704 -2.4213 -3.2272 -4.1885 -4.5451 -4.2104 -3.9539 -4.2938 -4.1979 -2.8675 -1.1649 0.14045 0.87133 1.4281 1.694 1.6397 1.5188 1.0861 0.45532 -0.43925 -1.412 -2.1492 -2.756 -3.6297 -4.9799 -6.0527 -6.7023 -7.1183 -7.2716 -7.992 -7.7324 -5.1154 -3.8309 -4.6827 -3.7902 -0.47991 1.8316 1.6293 2.6897 6.1001 8.7317 10.399 12.454 14.491 15.139 14.645 13.956 13.068 12.185 11.367 10.467 9.3228 7.834 6.4077
-1.5173 -2.6381 -3.5066 -4.3512 -5.1602 -5.2332 -4.5993 -4.2688 -4.6035 -4.3241 -2.9071 -1.3432 -0.14106 0.5502 1.1017 1.4062 1.3572 1.2769 0.92972 0.40006 -0.3256 -1.216 -2.2107 -3.1052 -3.981 -5.2197 -6.1507 -6.7419 -7.1683 -7.6949 -8.8897 -8.7531 -6.7617 -6.0037 -6.4979 -5.4042 -1.8186 1.4208 1.7513 2.4155 5.4411 7.9549 9.1258 10.473 12.172 13.016 13.168 13.054 12.328 11.458 10.533 9.547 8.2635 6.4254 4.7676
-2.7059 -3.834 -4.8193 -5.7347 -6.3686 -6.0997 -5.0873 -4.566 -4.8548 -4.4919 -3.026 -1.5569 -0.4455 0.27599 0.86716 1.1914 1.1497 1.0705 0.74413 0.25618 -0.34228 -1.0784 -2.1419 -3.2846 -4.3345 -5.5804 -6.3728 -6.7701 -7.0922 -7.87 -9.3224 -9.4976 -8.5092 -8.1463 -7.7605 -6.1893 -2.9395 0.59399 1.8034 2.3112 4.6519 7.2324 8.5398 9.3187 10.33 11.046 11.301 11.334 10.75 9.8181 8.7942 7.6432 6.2283 4.63 3.2172
-4.2021 -5.2749 -6.305 -7.2872 -7.7199 -7.0547 -5.6273 -4.8443 -5.0497 -4.6879 -3.2095 -1.7769 -0.72701 0.078935 0.73266 1.0465 1.0173 0.93597 0.61901 0.19467 -0.27973 -0.86464 -1.8332 -3.051 -4.3053 -5.7295 -6.6022 -6.8754 -7.0015 -7.6824 -8.9095 -9.3026 -9.2067 -9.0649 -7.9388 -5.9964 -3.5223 -0.3892 1.5928 2.0412 3.7062 6.4932 8.1739 8.5826 8.8693 9.2947 9.2822 8.9537 8.3386 7.5399 6.6277 5.2691 3.7813 2.6584 1.6679
-5.9214 -6.9087 -7.8961 -8.8939 -9.0972 -8.0035 -6.1883 -5.1477 -5.2332 -4.9027 -3.4222 -1.9792 -0.96056 -0.05452 0.64299 0.90886 0.87863 0.81398 0.56167 0.25097 -0.092055 -0.57687 -1.4068 -2.5297 -3.7756 -5.2708 -6.4583 -6.9358 -6.9671 -7.3174 -8.0295 -8.5425 -9.0482 -8.9742 -7.4373 -5.1832 -3.4337 -1.2108 1.0256 1.4948 2.7574 5.6142 7.3992 7.6108 7.4513 7.7099 7.5556 6.7476 5.879 5.1888 4.4538 3.188 1.9557 1.0538 0.23012
-7.7168 -8.627 -9.5017 -10.443 -10.388 -8.8772 -6.7638 -5.5366 -5.4751 -5.1363 -3.6411 -2.1637 -1.1566 -0.17234 0.52205 0.70972 0.63882 0.6138 0.52309 0.38338 0.16964 -0.26096 -0.98975 -2.0001 -3.0614 -4.3647 -5.8453 -6.7263 -6.8284 -6.9588 -7.3299 -7.9785 -8.7969 -8.6364 -6.7617 -4.0999 -2.8821 -1.9146 0.067467 0.75143 1.7732 4.3641 6.1501 6.5568 6.3774 6.4838 6.1918 5.1878 4.2234 3.5269 2.87 1.8524 0.92138 0.083106 -0.55081
-9.3923 -10.264 -11.012 -11.824 -11.492 -9.6237 -7.3518 -6.0465 -5.815 -5.3844 -3.8538 -2.3587 -1.3515 -0.32352 0.31457 0.41362 0.26765 0.28746 0.43968 0.52309 0.44698 0.068509 -0.59668 -1.6028 -2.6235 -3.6881 -5.1915 -6.2852 -6.4948 -6.6606 -7.0099 -7.699 -8.5769 -8.3757 -6.2633 -3.2449 -2.3441 -2.5683 -1.094 0.022634 0.90469 2.9931 4.8083 5.4985 5.3921 5.2191 4.7009 3.9617 3.2777 2.5531 2.0078 1.2978 0.56167 -0.14314 -0.58626
-10.752 -11.63 -12.298 -12.931 -12.318 -10.206 -7.9315 -6.6429 -6.2289 -5.6253 -4.054 -2.5964 -1.5788 -0.531 -0.0013465 0.0069945 -0.20153 -0.14523 0.24471 0.55437 0.64508 0.35523 -0.23072 -1.3015 -2.5579 -3.6328 -4.9423 -5.9391 -6.2196 -6.524 -6.9504 -7.4759 -8.2464 -8.2433 -6.23 -3.1146 -2.0793 -2.8425 -2.0574 -0.60294 0.28329 1.6741 3.1234 3.6979 3.7083 3.5258 2.9764 2.7418 2.5155 1.9567 1.743 1.4333 0.92555 0.34168 -0.22864
-11.646 -12.561 -13.23 -13.674 -12.806 -10.585 -8.4456 -7.2351 -6.6449 -5.8286 -4.2323 -2.8717 -1.8437 -0.8 -0.42778 -0.50806 -0.72701 -0.63839 -0.13167 0.31978 0.60338 0.47617 0.015335 -1.0148 -2.5474 -3.8987 -5.081 -5.9443 -6.3186 -6.6627 -7.1006 -7.4061 -7.9962 -8.2412 -6.6241 -3.7777 -2.1471 -2.5735 -2.5579 -1.1555 -0.21196 0.36566 1.011 1.1935 1.474 1.6147 1.1789 1.28 1.4917 1.4427 1.6877 1.6908 1.3874 0.8192 0.060168
-12.019 -12.962 -13.717 -14.01 -12.947 -10.743 -8.8261 -7.7136 -6.9817 -5.9735 -4.3752 -3.1459 -2.1273 -1.1284 -0.93866 -1.0992 -1.266 -1.1493 -0.68948 -0.23281 0.22699 0.32395 0.038273 -0.78123 -2.3389 -4.0165 -5.3229 -6.2623 -6.7847 -7.0276 -7.3956 -7.5843 -7.9503 -8.2412 -7.1464 -4.9569 -2.7059 -2.219 -2.6298 -1.5403 -0.66028 -0.64152 -0.61754 -0.9053 -0.68426 -0.47887 -0.89592 -0.63005 -0.076415 0.3177 0.77854 1.0152 1.0173 0.5575 -0.10665
-11.901 -12.844 -13.738 -13.955 -12.802 -10.712 -9.0315 -8.0066 -7.1934 -6.06 -4.4836 -3.3774 -2.4067 -1.5225 -1.485 -1.6862 -1.7696 -1.6435 -1.3296 -0.95326 -0.40693 -0.11916 -0.23489 -0.7635 -2.0449 -3.8622 -5.4501 -6.6606 -7.3894 -7.527 -7.7324 -7.8085 -7.9503 -8.1661 -7.6667 -6.2623 -3.6057 -2.1888 -2.5193 -1.7384 -1.1451 -1.3015 -1.4777 -2.2242 -2.34 -2.3201 -2.8289 -2.4411 -1.7175 -1.3755 -1.1097 -0.74891 -0.42986 -0.63109 -0.9689
-11.385 -12.303 -13.348 -13.594 -12.488 -10.561 -9.0711 -8.1067 -7.2757 -6.1007 -4.5618 -3.5484 -2.6725 -1.9761 -2.0042 -2.1575 -2.171 -2.0803 -1.9208 -1.6059 -1.1274 -0.81981 -0.81251 -1.0492 -1.8614 -3.4962 -5.2697 -6.8347 -7.9159 -8.1515 -8.1265 -7.9785 -7.9441 -8.0952 -8.1672 -7.2695 -4.3241 -2.4536 -2.5912 -2.0261 -1.7967 -2.0199 -2.3045 -3.1136 -2.9989 -2.9436 -3.6453 -3.3012 -2.6507 -2.6673 -2.7737 -2.6413 -2.3817 -2.3556 -2.3128
-10.573 -11.479 -12.663 -13.036 -12.119 -10.362 -8.9877 -8.064 -7.2549 -6.0903 -4.6191 -3.6797 -2.9384 -2.4661 -2.439 -2.4327 -2.3973 -2.4015 -2.3858 -2.1012 -1.8312 -1.68 -1.559 -1.5006 -1.7947 -2.9687 -4.6796 -6.5918 -8.1839 -8.7677 -8.5915 -8.2235 -8.0243 -8.0139 -8.482 -7.7835 -4.7161 -3.001 -3.1136 -2.6329 -2.5725 -2.8279 -3.1313 -3.393 -2.6976 -2.707 -3.5327 -3.2168 -2.8143 -3.2137 -3.6192 -3.8716 -3.8413 -3.661 -3.4013
-9.5382 -10.497 -11.798 -12.366 -11.741 -10.139 -8.8209 -7.9378 -7.1517 -6.0089 -4.641 -3.8017 -3.2116 -2.9395 -2.7382 -2.4807 -2.414 -2.5474 -2.7059 -2.5078 -2.4797 -2.4734 -2.2096 -1.926 -1.8822 -2.5871 -4.0259 -6.1247 -8.1203 -9.093 -8.995 -8.5644 -8.1494 -7.8544 -8.529 -7.8919 -5.0184 -3.8194 -3.9425 -3.4879 -3.4524 -3.5484 -3.4556 -2.8998 -2.2378 -2.7716 -3.3586 -2.9103 -2.8143 -3.392 -3.8611 -4.249 -4.2688 -4.078 -3.8997
-8.3277 -9.435 -10.826 -11.599 -11.302 -9.8364 -8.5675 -7.7543 -6.9775 -5.8359 -4.6087 -3.9227 -3.4827 -3.3252 -2.8602 -2.3274 -2.2732 -2.5328 -2.8821 -2.8748 -3.002 -2.9478 -2.5798 -2.3514 -2.3817 -2.8894 -3.9936 -5.9579 -7.9263 -9.0961 -9.288 -8.9262 -8.2912 -7.8408 -8.5102 -7.6448 -5.154 -4.616 -4.7588 -4.4231 -4.444 -4.2573 -3.5848 -2.4995 -2.317 -3.148 -3.2491 -2.9676 -3.1855 -3.5577 -3.7965 -4.0154 -3.9696 -3.8507 -3.8684
-6.9817 -8.3069 -9.754 -10.685 -10.689 -9.3568 -8.1713 -7.478 -6.7138 -5.5763 -4.5159 -4.0207 -3.7131 -3.5838 -2.8216 -2.071 -2.1523 -2.5276 -2.9614 -3.1417 -3.2981 -3.0573 -2.7768 -2.9561 -3.3909 -3.981 -4.8016 -6.3624 -7.9003 -9.0492 -9.5768 -9.2942 -8.5873 -8.2662 -8.652 -7.1746 -5.0706 -5.2072 -5.472 -5.3187 -5.3437 -4.9225 -4.0905 -3.125 -3.1553 -3.516 -3.2064 -3.3596 -3.6724 -3.6787 -3.6484 -3.5723 -3.4493 -3.3117 -3.4045
-5.5679 -7.0964 -8.5383 -9.5466 -9.7864 -8.6134 -7.5656 -7.0286 -6.3196 -5.2551 -4.3835 -4.0676 -3.8757 -3.7444 -2.7434 -1.8958 -2.2743 -2.7862 -3.0792 -3.2627 -3.3815 -3.0635 -3.1042 -3.761 -4.5295 -5.2395 -5.887 -7.0297 -8.0713 -9.1087 -9.8208 -9.6081 -9.0941 -9.0263 -8.9689 -6.9869 -5.2457 -5.6607 -5.9495 -5.9912 -6.0475 -5.5544 -4.934 -4.4554 -4.3637 -4.0342 -3.5233 -3.6891 -3.6432 -3.4045 -3.3106 -3.1136 -3.0854 -2.9947 -3.051
-4.201 -5.7994 -7.1391 -8.1359 -8.5498 -7.5823 -6.7044 -6.3259 -5.741 -4.884 -4.248 -4.0686 -3.979 -3.8882 -2.8091 -2.0053 -2.7549 -3.4076 -3.3805 -3.3513 -3.4524 -3.3179 -3.7548 -4.5983 -5.3709 -6.1028 -6.6804 -7.5562 -8.3027 -9.2379 -9.9084 -9.802 -9.6873 -9.7666 -9.3578 -7.3956 -5.8744 -5.8859 -5.9307 -6.2456 -6.6595 -6.352 -5.8307 -5.5575 -5.1456 -4.4231 -3.8976 -3.6922 -3.1866 -2.8081 -2.7893 -2.856 -3.1115 -3.1094 -3.0375
-3.0051 -4.4502 -5.5596 -6.4698 -7.0109 -6.3019 -5.5971 -5.3479 -4.9538 -4.4586 -4.1489 -4.0853 -4.0686 -4.0801 -3.1396 -2.4953 -3.4941 -4.2156 -3.8841 -3.6026 -3.7454 -3.9602 -4.665 -5.3844 -6.0329 -6.7909 -7.3164 -8.0045 -8.6489 -9.5163 -10.005 -10.013 -10.232 -10.257 -9.6654 -7.9013 -6.2769 -5.7306 -5.6878 -6.2977 -7.1308 -7.0912 -6.4885 -6.0308 -5.1811 -4.2563 -3.7475 -3.2752 -2.683 -2.3452 -2.5109 -3.0051 -3.417 -3.3325 -3.0667
-2.0856 -3.1313 -3.8789 -4.6316 -5.2499 -4.8318 -4.2949 -4.1645 -4.0154 -3.9821 -4.1145 -4.2031 -4.2146 -4.3116 -3.6693 -3.271 -4.2782 -4.9194 -4.47 -4.0999 -4.3209 -4.8297 -5.618 -6.2112 -6.9452 -7.82 -8.236 -8.7135 -9.2869 -10.063 -10.391 -10.41 -10.557 -10.325 -9.6164 -7.7397 -5.7817 -5.2468 -5.693 -6.5261 -7.3289 -7.2674 -6.5584 -5.8307 -4.6587 -3.7058 -3.2241 -2.6903 -2.3003 -2.268 -2.707 -3.3555 -3.6974 -3.5807 -3.1949
-1.4746 -1.9531 -2.2419 -2.7445 -3.3565 -3.222 -2.8633 -2.9186 -3.0698 -3.5056 -4.1604 -4.4846 -4.4825 -4.5482 -4.2094 -4.1072 -4.9674 -5.4199 -5.0237 -4.7338 -5.0237 -5.6555 -6.4218 -7.0995 -8.138 -9.1493 -9.4642 -9.7509 -10.149 -10.755 -11.063 -10.936 -10.494 -9.827 -8.9585 -6.7471 -4.5785 -4.4888 -5.6367 -6.6981 -7.1881 -6.8055 -5.9797 -5.0049 -3.761 -3.0604 -2.7872 -2.463 -2.366 -2.7028 -3.2825 -3.6954 -3.8434 -3.7694 -3.3648
-1.1253 -1.0189 -0.81668 -0.94805 -1.4183 -1.5309 -1.388 -1.7613 -2.2962 -3.1323 -4.2949 -4.9277 -4.91 -4.8172 -4.6358 -4.8058 -5.5512 -5.8411 -5.5335 -5.3364 -5.6649 -6.2977 -7.0119 -7.8971 -9.1973 -10.297 -10.677 -10.85 -10.948 -11.389 -11.874 -11.467 -10.169 -9.0346 -7.8565 -5.3938 -3.4681 -3.7902 -5.227 -6.4083 -6.5918 -5.8619 -4.982 -3.9018 -2.8362 -2.5172 -2.5662 -2.7195 -2.9832 -3.5202 -3.9685 -4.0321 -3.9633 -3.7402 -3.3544
-0.94492 -0.39963 0.25931 0.63674 0.44907 0.12898 0.0090797 -0.79895 -1.8082 -2.9603 -4.5107 -5.4522 -5.4855 -5.2249 -5.0143 -5.3146 -6.0413 -6.2894 -6.0277 -5.8411 -6.206 -6.8253 -7.4697 -8.5008 -9.8833 -11.1 -11.732 -11.806 -11.584 -12.019 -12.776 -11.959 -9.9782 -8.6301 -6.941 -4.3428 -3.1469 -3.8695 -5.1185 -5.8943 -5.5658 -4.5732 -3.7506 -2.8196 -2.1731 -2.2753 -2.6486 -3.27 -3.8038 -4.3032 -4.4273 -4.2229 -4.0311 -3.5796 -3.2137
-0.83232 -0.099353 0.92346 1.916 2.0943 1.5542 1.1497 -0.076415 -1.5872 -3.0062 -4.763 -5.9245 -6.1205 -5.8525 -5.5325 -5.742 -6.426 -6.7127 -6.5104 -6.3322 -6.7513 -7.3852 -7.9576 -9.0253 -10.405 -11.79 -12.697 -12.692 -12.33 -12.85 -13.624 -12.31 -10.154 -9.0002 -6.7429 -4.0332 -3.6714 -4.7734 -5.5585 -5.3427 -4.322 -3.246 -2.4859 -1.8061 -1.6508 -2.2096 -2.9655 -3.8778 -4.444 -4.7349 -4.5743 -4.1927 -3.8528 -3.2283 -2.8488
-0.72388 -0.064947 1.2071 2.8367 3.3455 2.4978 1.8034 0.36044 -1.5257 -3.1918 -4.9705 -6.206 -6.6595 -6.6262 -6.3019 -6.2905 -6.793 -7.0724 -7.0088 -6.9379 -7.3842 -8.0514 -8.5999 -9.6383 -10.971 -12.394 -13.435 -13.608 -13.475 -13.867 -14.108 -12.391 -10.61 -9.8385 -7.1527 -4.4377 -4.5232 -5.5679 -5.6868 -4.4325 -3.0093 -2.0772 -1.3046 -0.90426 -1.1795 -2.0647 -3.099 -4.1145 -4.6306 -4.7223 -4.4961 -4.0154 -3.3638 -2.6465 -2.3431
-0.60607 -0.19527 1.2164 3.3841 4.0899 2.7981 1.7701 0.41675 -1.5569 -3.4086 -5.0529 -6.2081 -6.9421 -7.3268 -7.2413 -7.1152 -7.3623 -7.5114 -7.5937 -7.6698 -8.0567 -8.7771 -9.3631 -10.284 -11.409 -12.561 -13.634 -14.406 -14.776 -14.703 -14.06 -12.268 -11.152 -10.579 -7.7074 -5.1936 -5.2218 -5.668 -5.0966 -3.2658 -1.7811 -0.90322 -0.032625 0.002824 -0.71554 -1.8239 -2.9655 -3.9685 -4.5305 -4.5399 -4.2761 -3.6057 -2.6684 -2.1627 -2.1085
-0.49242 -0.37148 1.0715 3.5655 4.3151 2.478 0.97768 -0.076415 -1.7603 -3.6318 -4.9934 -5.9422 -6.9066 -7.748 -8.1369 -8.1693 -8.261 -8.1807 -8.26 -8.3788 -8.6551 -9.4632 -10.043 -10.662 -11.382 -12.104 -13.317 -14.837 -15.525 -14.899 -13.632 -12.099 -11.557 -10.929 -8.1567 -5.9797 -5.6388 -5.3219 -4.25 -2.2691 -0.68531 0.41987 1.3207 0.96308 -0.19215 -1.6185 -2.9353 -3.9091 -4.4961 -4.4304 -3.9873 -3.0625 -2.096 -2.0345 -2.1783
-0.39025 -0.49451 0.85778 3.3934 4.1118 1.7701 -0.44238 -1.2629 -2.342 -3.9633 -4.885 -5.545 -6.646 -7.8367 -8.7594 -9.1493 -9.2452 -8.9398 -8.8459 -8.9001 -9.1452 -9.9959 -10.326 -10.467 -10.788 -11.35 -12.965 -14.84 -15.264 -14.352 -13.086 -11.904 -11.634 -10.854 -8.4007 -6.5772 -5.7962 -4.8131 -3.3513 -1.3463 0.46366 1.7596 2.3195 1.5313 0.039316 -1.6372 -3.0854 -3.9456 -4.3449 -4.151 -3.6057 -2.7278 -1.9604 -2.0981 -2.2555
-0.29224 -0.51223 0.60129 2.8648 3.6072 1.0058 -2.1679 -3.1177 -3.4827 -4.5587 -4.9038 -5.2384 -6.3686 -7.699 -8.9606 -9.6133 -9.7864 -9.4235 -9.1952 -9.2369 -9.5653 -10.231 -9.9938 -9.679 -9.8666 -10.77 -12.918 -14.471 -14.226 -13.438 -12.538 -11.582 -11.369 -10.373 -8.211 -6.7638 -5.7035 -4.2 -2.3441 -0.31309 1.6199 2.7804 2.6563 1.4156 -0.28285 -1.8812 -3.1136 -3.7371 -3.8997 -3.6265 -3.1104 -2.585 -2.072 -2.0345 -2.0908
-0.17234 -0.42152 0.28537 1.9807 2.8784 0.44073 -3.7756 -5.3437 -5.1217 -5.473 -5.2061 -5.2291 -6.2633 -7.4686 -8.6937 -9.2942 -9.5445 -9.4287 -9.3422 -9.5017 -9.8625 -10.013 -9.1264 -8.6739 -9.0263 -10.536 -12.918 -13.564 -12.903 -12.579 -11.871 -11 -10.827 -9.558 -7.5447 -6.5073 -5.3563 -3.4785 -1.3203 0.68678 2.4551 3.1474 2.3414 0.88176 -0.74995 -2.0105 -2.8404 -3.2366 -3.2731 -3.0041 -2.5172 -2.3608 -2.1481 -1.9052 -1.778
-0.014901 -0.26096 -0.097268 0.79313 1.9327 0.13107 -4.8808 -7.3852 -6.8889 -6.5636 -5.8015 -5.5825 -6.3791 -7.2007 -8.0348 -8.3298 -8.7073 -9.1107 -9.3923 -9.6341 -9.7843 -9.2984 -8.1286 -7.9816 -8.5915 -10.589 -12.545 -11.91 -11.52 -11.843 -10.926 -10.09 -9.9594 -8.5696 -6.8138 -6.0392 -4.664 -2.5172 -0.262 1.6439 2.9222 2.8825 1.573 0.22907 -1.0023 -1.851 -2.3775 -2.5881 -2.4505 -2.1731 -1.8593 -2.1054 -2.2065 -1.8739 -1.5444
0.17277 -0.076415 -0.49972 -0.55394 0.7556 -0.059733 -5.2593 -8.6301 -8.2235 -7.5176 -6.5282 -6.1643 -6.5959 -6.8868 -7.1934 -7.1913 -7.7991 -8.701 -9.215 -9.3047 -9.0889 -8.2985 -7.4498 -7.8304 -8.5915 -10.874 -11.856 -9.7561 -10.106 -11.04 -9.7488 -9.0117 -8.7656 -7.5625 -6.3332 -5.4032 -3.5223 -1.2817 0.81816 2.502 3.0598 2.2976 0.80877 -0.27451 -1.0461 -1.5476 -1.8426 -1.8312 -1.4485 -1.1879 -1.2942 -1.9729 -2.2409 -1.8166 -1.3714
0.35627 0.093532 -0.82189 -1.8343 -0.61962 -0.34958 -4.9204 -8.6708 -8.6572 -8.016 -7.1235 -6.7148 -6.7336 -6.5303 -6.4541 -6.3676 -7.2121 -8.1859 -8.4862 -8.2787 -7.9242 -7.4498 -7.2684 -7.9795 -8.7625 -11.293 -11.218 -7.6646 -8.6384 -9.9688 -8.506 -8.0149 -7.4509 -6.5991 -5.8692 -4.3668 -2.0626 -0.049307 1.694 2.9628 2.7491 1.6012 0.36044 -0.42048 -0.8907 -1.1816 -1.2014 -0.87402 -0.36209 -0.32769 -0.89279 -1.8061 -2.1742 -1.7582 -1.2786
0.49911 0.24054 -0.96577 -2.8123 -2.0564 -0.89175 -4.0811 -7.5197 -8.0556 -7.9138 -7.3852 -7.0119 -6.6731 -6.1893 -6.0298 -6.0632 -6.9629 -7.4446 -7.1913 -6.9035 -6.9098 -7.1621 -7.4186 -8.017 -8.8146 -11.567 -10.635 -5.8129 -6.9077 -8.4633 -7.1736 -7.0067 -6.1278 -5.6086 -5.0602 -2.952 -0.68739 0.91199 2.2549 2.9347 2.0975 0.92138 0.105 -0.39859 -0.64673 -0.79374 -0.54143 0.1123 0.56271 0.16964 -0.66445 -1.4996 -1.9907 -1.7248 -1.2264
0.59295 0.36566 -0.89905 -3.3419 -3.3482 -1.6821 -3.0781 -5.6013 -6.6814 -7.2903 -7.2705 -7.0057 -6.4667 -5.9547 -5.9547 -6.157 -6.8973 -6.6408 -5.9443 -6.0204 -6.6731 -7.4728 -7.5666 -7.7418 -8.6218 -11.325 -9.7478 -3.9936 -4.7098 -6.5084 -5.619 -5.6096 -4.6358 -4.4137 -3.8194 -1.4944 0.31874 1.5532 2.4488 2.4394 1.329 0.4157 -0.046179 -0.36939 -0.42778 -0.44967 -0.10978 0.60338 0.86195 0.13419 -0.74995 -1.3568 -1.8103 -1.5632 -1.0659
0.66593 0.47513 -0.69469 -3.4295 -4.2876 -2.562 -2.2315 -3.565 -5.0372 -6.3885 -6.8879 -6.8284 -6.2915 -5.9099 -6.1236 -6.4218 -6.9661 -6.2592 -5.57 -6.2414 -7.2726 -7.9837 -7.4217 -7.1881 -8.1432 -10.339 -8.4205 -2.3118 -2.3254 -4.3637 -3.8841 -3.7579 -2.9353 -2.9322 -2.2336 -0.15253 1.0319 1.8504 2.1183 1.5032 0.52414 0.086234 -0.052435 -0.23594 -0.19736 -0.20466 -0.046179 0.374 0.43551 -0.29432 -1.0898 -1.5559 -1.7592 -1.3422 -0.89696
0.77228 0.56688 -0.48929 -3.2116 -4.7463 -3.2971 -1.7238 -1.9844 -3.6151 -5.4751 -6.4187 -6.6721 -6.328 -6.1049 -6.4375 -6.7534 -7.258 -6.6522 -6.3301 -7.3518 -8.1484 -8.2047 -6.9202 -6.4958 -7.356 -8.6927 -6.9483 -1.2473 -0.36418 -2.3347 -2.121 -1.8155 -1.3067 -1.3422 -0.52787 1.059 1.5574 1.7377 1.3582 0.53248 -0.051392 -0.076415 -0.018028 -0.07016 0.0090797 -0.10665 -0.28494 -0.30788 -0.42152 -0.97099 -1.5695 -1.8374 -1.6643 -1.1055 -0.74057
0.94744 0.63361 -0.3965 -2.8613 -4.7067 -3.6922 -1.5663 -1.1503 -2.7153 -4.762 -6.0371 -6.6616 -6.6335 -6.5365 -6.8795 -7.1986 -7.8106 -7.6438 -7.6625 -8.53 -8.6812 -7.9826 -6.2665 -5.8776 -6.4281 -6.8034 -5.6409 -0.90634 0.90782 -0.51327 -0.41527 -0.12229 0.064339 0.15296 0.94536 1.9317 1.7784 1.2675 0.55333 -0.03054 -0.15565 0.01325 0.01325 -0.0065596 0.12168 -0.082671 -0.55498 -1.0012 -1.3661 -1.8395 -2.1304 -1.9719 -1.4099 -0.83336 -0.54872
1.1726 0.66698 -0.44133 -2.4932 -4.2646 -3.6954 -1.6612 -1.0429 -2.4088 -4.3824 -5.8713 -6.8201 -7.1162 -7.1193 -7.4405 -7.7845 -8.4706 -8.6676 -8.7427 -9.1024 -8.6781 -7.528 -5.7462 -5.545 -5.7128 -5.2155 -4.5618 -0.83857 1.6648 1.0173 1.0997 1.2362 1.3197 1.5636 1.9994 2.3143 1.6867 0.75038 0.060168 -0.14523 0.046614 0.22595 0.030975 -0.042009 0.087276 -0.1567 -0.73952 -1.4172 -1.9729 -2.4348 -2.4265 -1.8645 -1.1326 -0.56019 -0.29641
