2.5696 3.4186 3.9238 4.8796 4.8177 3.5073 1.6682 2.0975 3.7711 4.1128 4.603 4.5806 4.5379 4.0274 3.4144 3.7849 3.1377 3.2307 2.4233 1.4279 5.7767 11.968 15.567 15.757 12.355 7.9148 4.5411 1.9747 0.39944 -0.45174 -1.399 -2.089 -2.8664 -3.6503 -4.5538 -5.8835 -6.8361 -7.5025 -7.8518 -8.2651 -9.0308 -9.1024 -8.5887 -7.8133 -7.0775 -6.8393 -6.2146 -5.5716 -5.4381 -5.0227 -4.6532 -4.4503 -4.2612 -3.9419 -3.4314
4.2452 4.9469 5.3688 6.1067 5.5791 4.2057 2.1851 1.7942 3.1762 3.8031 4.3189 4.4012 4.0947 3.1933 2.9295 3.5564 2.9327 3.6269 3.6322 1.4065 2.0367 5.4681 9.5819 12.989 13.31 10.671 7.4118 4.6201 2.4211 0.67178 -0.90563 -1.8999 -2.8024 -3.7742 -4.8347 -6.1772 -7.2345 -8.059 -8.4413 -8.8514 -9.5648 -9.4377 -8.7104 -8.028 -7.5794 -7.4203 -6.8682 -6.2434 -5.9145 -5.3506 -5.0013 -4.9725 -4.7749 -4.3691 -3.8928
5.5952 6.2253 6.6888 7.2901 6.4196 5.0217 2.8942 1.5988 2.4222 3.2136 3.6322 3.7785 3.5372 2.4436 2.2684 3.2905 3.0459 3.6514 3.9537 1.9437 0.75295 1.4226 3.9088 7.8657 10.856 10.725 8.499 6.0074 3.5543 1.4098 -0.40902 -1.7557 -2.8301 -4.0135 -5.2705 -6.5702 -7.6724 -8.4007 -8.7307 -9.112 -9.6203 -9.6844 -9.2337 -8.6976 -8.3302 -7.9757 -7.541 -7.1181 -6.6225 -5.8856 -5.4243 -5.404 -5.2117 -4.8134 -4.3637
6.6407 7.3584 7.9768 8.4413 7.3178 5.8931 3.8255 1.7996 1.7558 2.3987 2.6988 2.8814 2.9647 2.0527 1.6447 2.7832 3.3567 3.8266 3.7636 2.3816 1.2891 0.96654 1.6201 3.6984 6.7016 8.1946 7.2879 5.3613 2.938 0.99217 -0.41649 -1.917 -3.1665 -4.4438 -5.7649 -6.8404 -7.7674 -8.3345 -8.8963 -9.537 -9.7998 -9.9546 -9.7805 -9.3448 -9.0073 -8.5203 -8.1444 -7.7791 -7.1854 -6.4965 -6.0127 -5.9358 -5.7425 -5.3313 -4.8732
7.4908 8.4905 9.3064 9.5456 8.2096 6.7315 4.9426 2.6369 1.5753 1.65 1.8701 2.1114 2.5151 2.0602 1.2752 1.9619 3.2937 4.0445 3.6344 2.6091 2.0559 1.9395 1.8156 1.7515 3.032 4.6383 4.6564 3.534 1.4824 -0.16018 -0.9665 -2.3463 -3.6386 -4.7568 -5.955 -6.8351 -7.8293 -8.7649 -9.867 -10.85 -10.872 -10.542 -10.015 -9.4399 -9.034 -8.6122 -8.4424 -8.1145 -7.4459 -6.9055 -6.6054 -6.5339 -6.2519 -5.6955 -5.3345
8.2779 9.7122 10.683 10.557 9.0116 7.4289 6.0875 4.1053 2.2364 1.4354 1.5326 1.7985 2.1915 2.1755 1.2229 1.1267 2.6433 3.8522 3.5778 2.734 2.2524 2.2043 2.1317 1.3596 1.1908 2.0057 2.2673 2.0602 0.72625 -0.91631 -1.5197 -2.6956 -3.9355 -4.8187 -5.955 -6.8628 -8.1626 -9.6502 -10.764 -11.486 -11.6 -11.153 -10.383 -9.7453 -9.0511 -8.4627 -8.3975 -8.2362 -7.6553 -7.1448 -6.9109 -6.8126 -6.5488 -5.8611 -5.5375
9.0768 11.006 12.019 11.405 9.6482 7.9063 7.0252 5.8889 3.802 2.152 1.9512 2.0409 1.9192 2.0463 1.3489 0.69741 1.806 3.1463 3.2787 2.7597 2.2385 1.8348 1.8167 1.5486 1.0808 1.1791 1.2058 1.6127 1.1075 -0.68562 -1.5379 -2.6795 -3.9419 -4.7269 -5.939 -6.8885 -8.2405 -10.053 -10.983 -11.253 -11.737 -11.734 -11.055 -10.516 -9.6684 -8.829 -8.4157 -8.1337 -7.7247 -7.2697 -7.054 -6.9077 -6.8618 -6.3149 -5.8109
9.8746 12.225 13.148 12.005 10.084 8.1904 7.619 7.509 5.9316 3.8544 3.1676 2.8035 1.8156 1.7173 1.5315 0.80955 1.3051 2.3026 2.6636 2.5578 2.3955 1.8156 1.523 1.7205 1.4834 1.4012 1.1812 1.6874 1.901 0.27449 -0.87038 -2.153 -3.5265 -4.3381 -5.6432 -6.6439 -7.84 -9.772 -11.158 -11.6 -12.174 -12.242 -11.334 -10.647 -9.9076 -9.2572 -8.6496 -8.123 -7.8037 -7.3904 -7.274 -7.0967 -7.0551 -6.8062 -6.2754
10.583 13.171 13.889 12.298 10.337 8.4328 7.9639 8.6154 8.0088 6.1409 4.9704 4.0274 2.2289 1.696 1.8562 1.2816 1.2752 1.7408 2.0473 2.1306 2.4446 2.1264 1.5326 1.602 1.3542 1.4343 1.2367 1.5796 2.34 1.2389 0.042738 -1.2559 -2.6657 -3.6151 -4.9832 -6.1953 -7.2537 -8.4744 -9.756 -10.242 -10.495 -10.616 -9.8606 -9.3469 -8.9112 -8.6869 -8.5321 -8.2362 -8.0408 -7.51 -7.3402 -7.2046 -6.9515 -6.8767 -6.661
11.092 13.678 14.141 12.278 10.464 8.8344 8.3623 9.1889 9.4645 8.2982 6.8896 5.5236 3.3396 2.3998 2.4628 1.8647 1.5283 1.5635 1.7633 1.7643 2.1061 2.0847 1.4877 1.2944 0.81809 0.98256 0.9345 1.1855 2.2065 1.4621 0.38129 -0.51688 -1.7216 -2.9198 -4.132 -5.2598 -6.048 -5.7286 -5.5407 -5.1914 -5.0302 -5.7147 -5.9946 -6.6717 -7.0604 -7.2526 -7.7909 -7.8945 -7.903 -7.5164 -7.2537 -7.2131 -6.992 -6.9312 -6.8404
11.346 13.703 13.936 12.019 10.526 9.489 9.0885 9.4944 10.068 9.6663 8.3356 6.849 4.7386 3.5585 3.1986 2.3955 1.901 1.6319 1.7868 1.7099 1.6618 1.6319 1.2271 1.0659 0.52119 0.51906 0.48702 0.78712 1.6949 0.84586 -0.086487 -0.283 -1.0274 -2.3357 -3.0149 -3.3727 -3.8362 -2.8867 -1.9245 -0.95582 -0.42504 -1.1417 -1.7568 -3.4058 -4.7279 -5.4392 -6.7485 -7.1886 -7.305 -7.4534 -7.4064 -7.3349 -7.2377 -7.1426 -6.7806
11.367 13.347 13.444 11.661 10.55 10.28 10.132 9.8244 9.9984 9.9931 8.876 7.4599 5.6261 4.3563 3.6034 2.7308 2.325 1.7868 1.7985 1.7825 1.4354 1.2613 0.93664 0.89071 0.49983 0.24672 0.13458 0.53294 1.1203 0.12711 -0.63329 -0.42076 -0.65892 -1.6863 -1.8839 -1.5432 -1.839 -1.5742 -1.4514 -0.81485 -0.040564 -0.0042527 0.11536 -1.2912 -2.6763 -3.5948 -5.4937 -6.504 -6.7443 -7.132 -7.4737 -7.4417 -7.2153 -7.0497 -6.4858
11.255 12.808 12.892 11.347 10.519 10.908 11.137 10.241 9.6556 9.5456 8.5278 7.1491 5.5236 4.2655 3.3866 2.7351 2.6454 1.9213 1.5838 1.5657 1.2271 1.099 0.70382 0.55216 0.33964 0.0032232 -0.075807 0.33857 0.60236 -0.15163 -0.77961 -0.88 -0.82126 -1.2634 -1.5293 -1.4236 -1.5304 -1.3659 -1.6276 -1.3659 -0.64611 -0.26804 -0.041632 -1.1299 -2.2545 -2.9636 -4.2933 -5.561 -6.3854 -6.7037 -7.0946 -7.2761 -6.8137 -6.4783 -6.0757
11.145 12.3 12.465 11.161 10.396 11.07 11.611 10.544 9.3747 8.8899 7.7717 6.2915 4.7739 3.629 2.8483 2.4489 2.6208 1.9149 1.2464 0.98683 0.691 0.81275 0.45818 0.14206 0.043806 -0.18047 -0.11746 0.10468 -0.0085246 -0.37271 -0.96223 -1.634 -1.4161 -1.3221 -1.8978 -2.4574 -2.3399 -1.3862 -0.95903 -0.72834 -0.29688 -0.05338 -0.283 -1.2634 -2.5343 -3.5094 -3.6674 -4.3691 -6.017 -6.6396 -6.5873 -6.7315 -6.2957 -5.7938 -5.7649
11.152 11.966 12.231 11.087 10.149 10.655 11.278 10.474 9.2541 8.4958 7.21 5.5909 4.2111 3.2862 2.6294 2.1755 2.2033 1.649 0.96441 0.37915 -0.088623 0.23711 0.19012 -0.056584 -0.073671 -0.16552 -0.035224 -0.16231 -0.69524 -0.87466 -1.3296 -1.9245 -1.4685 -1.3115 -1.9555 -2.624 -2.5503 -1.5571 -0.91097 -0.76786 -0.62582 -0.49659 -0.65999 -0.61941 -1.2324 -2.812 -3.2883 -3.5051 -4.8144 -5.8568 -5.7126 -5.7083 -5.7842 -5.3324 -5.4189
11.336 11.846 12.124 11.022 9.7784 9.8158 10.277 9.9579 9.1836 8.467 7.1437 5.5012 4.3702 3.6749 3.0299 2.247 1.6928 1.1417 0.68032 -0.051244 -0.77747 -0.44106 -0.10251 -0.10891 -0.076875 -0.088623 -0.016 -0.38339 -1.053 -1.115 -1.1417 -0.95048 -0.34601 -0.79242 -1.508 -1.8294 -1.901 -1.5753 -1.2709 -1.0744 -1.1587 -1.5859 -1.9522 -0.85009 0.37488 -0.57776 -2.4254 -2.7127 -1.996 -3.1281 -4.2185 -4.4374 -5.0291 -4.9778 -5.1231
11.692 11.899 12.015 10.841 9.3139 8.8653 9.0757 9.2017 9.0234 8.5791 7.4161 5.9177 5.0719 4.4567 3.707 2.6753 1.4813 0.60556 0.22536 -0.4496 -1.2463 -0.99854 -0.46135 -0.32251 -0.26591 -0.15484 -0.14309 -0.49446 -0.83941 -0.6098 -0.12387 0.68139 0.99004 -0.26698 -1.2613 -1.5005 -1.5283 -1.3179 -1.0359 -0.62689 -0.89281 -2.0206 -3.1153 -2.4489 -0.24134 0.7946 -0.75931 -0.9334 1.4567 0.11429 -2.765 -3.4474 -4.1587 -4.6724 -5.3431
12.165 12.044 11.793 10.482 8.813 8.0878 8.1423 8.5161 8.7254 8.5503 7.6521 6.4004 5.7586 5.0206 4.1053 3.1303 1.6447 0.29265 -0.31717 -0.89602 -1.5101 -1.3189 -0.83301 -0.71232 -0.60766 -0.29047 -0.2894 -0.52222 -0.38873 0.15594 0.88537 1.5988 1.2965 -0.21144 -1.1523 -1.6169 -1.7718 -1.3606 -0.94087 -0.60446 -1.0124 -2.0313 -3.0085 -3.1377 -1.5368 0.89819 1.2346 1.2367 3.094 1.744 -1.4022 -2.7596 -4.038 -4.8903 -5.7265
12.669 12.206 11.427 9.9803 8.3495 7.6019 7.6703 8.0825 8.3463 8.2822 7.6233 6.6215 6.0875 5.1626 4.0701 3.2734 1.8786 0.27449 -0.61193 -1.1384 -1.5058 -1.3681 -1.116 -1.0498 -0.84903 -0.37591 -0.37698 -0.56815 -0.12493 0.56712 1.2346 1.5144 0.73372 -0.37484 -0.63863 -1.1491 -1.9149 -1.8316 -1.2559 -0.9366 -1.5325 -2.2556 -2.5706 -2.467 -1.3264 0.91848 2.1146 1.7088 2.0068 1.7344 0.24138 -1.7098 -4.1021 -5.5471 -6.3032
13.108 12.337 10.974 9.4527 8.0045 7.3627 7.5325 7.8443 7.9501 7.8774 7.3766 6.5734 6.1046 5.1253 3.8981 3.0662 1.8583 0.41546 -0.46669 -0.95903 -1.2378 -1.2912 -1.4012 -1.3285 -0.97932 -0.46669 -0.45814 -0.68135 -0.062992 0.76042 1.2464 1.1406 0.17303 -0.47416 -0.060856 -0.3428 -1.7077 -2.2887 -1.4738 -0.73902 -1.4578 -2.3762 -2.6934 -2.168 -0.54145 1.083 1.7472 1.0477 0.71023 1.5091 1.4397 -0.085419 -2.3025 -4.8572 -6.9322
13.404 12.417 10.532 9.0266 7.8337 7.2644 7.4759 7.6169 7.5549 7.4791 7.0743 6.3972 5.954 5.0975 3.8447 2.7106 1.5764 0.56818 -0.040564 -0.52756 -0.96116 -1.3531 -1.8668 -1.7194 -1.1384 -0.58523 -0.49446 -0.80203 -0.072603 1.0242 1.3136 0.81809 -0.14629 -0.51154 -0.0085246 -0.11212 -1.3798 -2.419 -1.9202 -0.94621 -1.4183 -2.1637 -2.4425 -1.948 0.11002 1.5689 1.8134 1.6383 1.4706 1.8241 1.5283 1.0701 0.55003 -1.9213 -5.1551
13.507 12.439 10.193 8.7767 7.8454 7.2356 7.3477 7.2922 7.1448 7.1245 6.7678 6.1356 5.624 4.9245 3.8063 2.3848 1.288 0.72411 0.38449 -0.15377 -0.86932 -1.5902 -2.3955 -2.1755 -1.3446 -0.67601 -0.4197 -0.84262 -0.21037 1.0862 1.2346 0.3909 -0.41329 -0.4528 -0.25523 -0.36203 -0.8597 -1.9832 -2.514 -1.8326 -1.8967 -2.1573 -1.7493 -0.97825 1.0125 2.262 2.4115 2.859 2.7266 2.0869 1.2506 1.2271 1.6201 0.92596 -0.79669
13.413 12.4 9.9963 8.6944 7.9778 7.2516 7.1694 6.9269 6.7465 6.7593 6.362 5.6988 5.0142 4.3649 3.5147 2.1093 1.1663 0.9046 0.66857 0.11216 -0.78495 -1.6746 -2.6165 -2.4894 -1.5849 -0.83514 -0.38018 -0.7732 -0.50407 0.56391 0.73799 -0.060856 -0.60232 -0.33853 -0.35669 -0.39193 -0.10357 -1.1139 -2.4991 -2.2919 -2.42 -2.9241 -2.0783 -0.53077 1.4012 2.2385 2.4019 3.1356 2.8857 2.0217 1.3948 1.414 1.4909 1.7536 2.0634
13.159 12.302 9.9333 8.7115 8.1327 7.2943 7.0369 6.6664 6.4271 6.347 5.7735 5.0163 4.1502 3.4496 2.9145 1.8156 1.1289 1.0103 0.76363 0.36313 -0.44426 -1.352 -2.3997 -2.6368 -1.9106 -1.1854 -0.57349 -0.64504 -0.80203 -0.44853 -0.10571 -0.2894 -0.54251 -0.29688 -0.23387 0.13352 0.67498 -0.34601 -1.8914 -2.2011 -2.8365 -3.7166 -2.9273 -1.0092 0.85974 1.4674 1.9758 3.0213 2.8761 2.2236 1.5358 1.6767 1.9758 1.5411 1.917
12.805 12.139 9.9483 8.7489 8.2181 7.3253 6.9782 6.5713 6.2349 5.9273 5.0526 4.1449 3.1933 2.4404 2.1627 1.4375 0.98256 0.91528 0.62479 0.51158 0.034195 -0.82233 -2.0227 -2.7618 -2.2726 -1.5774 -0.95476 -0.613 -1.0701 -1.6041 -1.1053 -0.3695 -0.24882 -0.24028 0.074778 0.98897 1.2709 0.10255 -1.0263 -1.6671 -2.6507 -3.283 -2.7244 -1.1737 0.46993 0.89499 1.6244 2.8707 2.9594 2.5589 1.2773 1.1203 2.1563 1.3478 1.477
12.412 11.892 9.9547 8.7425 8.1989 7.2997 6.9173 6.5425 6.1174 5.5621 4.3542 3.2285 2.2663 1.5027 1.3542 0.91848 0.6579 0.67498 0.31187 0.37702 0.27022 -0.50193 -1.8091 -2.9369 -2.6048 -1.9117 -1.477 -0.9067 -1.4514 -2.6037 -2.0932 -0.6365 -0.060856 -0.14202 0.38342 1.4856 1.335 0.13352 -0.35669 -0.71232 -1.6788 -2.3624 -2.3218 -0.9398 0.90353 1.115 1.6842 2.8932 2.8088 2.3624 0.94411 0.30867 1.367 1.0797 1.9512
12.007 11.524 9.8457 8.64 8.0846 7.2057 6.7529 6.4026 5.9326 5.2278 3.7753 2.3838 1.3841 0.59488 0.43255 0.21255 0.22109 0.48061 0.044874 0.0074951 0.090798 -0.58737 -1.8561 -3.1719 -3.0565 -2.4862 -2.2993 -1.6041 -1.932 -3.1569 -2.765 -1.1876 -0.37484 -0.28406 0.4411 1.2442 0.78392 -0.27766 -0.59912 -0.46028 -1.1951 -2.3826 -2.5685 -0.62795 1.6575 1.7761 2.4243 3.7561 3.0576 1.8231 0.51479 -0.19222 0.54469 0.84906 1.9715
11.581 10.99 9.5147 8.3805 7.8785 7.0455 6.4463 6.033 5.53 4.791 3.2584 1.634 0.53294 -0.33105 -0.59698 -0.62689 -0.2595 0.37274 -0.03736 -0.36416 -0.37164 -1.0466 -2.1904 -3.5467 -3.7785 -3.4763 -3.3641 -2.4222 -2.2951 -3.1345 -2.8739 -1.7173 -1.0466 -0.64824 0.42401 0.76576 0.21041 -0.49873 -1.225 -1.1384 -1.6799 -2.7191 -2.1092 0.19653 2.01 1.964 2.9135 4.4001 3.4624 1.6693 0.19012 -0.54145 0.25633 1.1641 1.5635
11.096 10.265 8.8963 7.8945 7.5293 6.7934 6.016 5.4435 4.8508 4.0989 2.6305 0.92916 -0.24668 -1.1587 -1.5219 -1.414 -0.78815 0.13672 -0.097167 -0.65679 -0.98679 -1.8476 -2.9113 -4.1448 -4.5613 -4.4257 -4.179 -2.9711 -2.5087 -2.8899 -2.6892 -2.0612 -1.6062 -0.87786 0.59488 0.50945 -0.23921 -0.3663 -1.0306 -1.2484 -2.0014 -2.4168 -0.73262 1.163 1.9074 1.6906 2.5354 3.6878 3.0747 1.791 0.35886 -0.52543 0.30226 1.54 1.3927
10.523 9.3715 7.9992 7.1469 6.9504 6.3588 5.467 4.7055 3.9398 3.0929 1.7462 0.18371 -0.92806 -1.7675 -2.1317 -1.9822 -1.3702 -0.43358 -0.41222 -1.0017 -1.7087 -2.8782 -3.9419 -4.855 -5.0312 -4.8166 -4.4321 -3.1836 -2.7468 -2.9166 -2.7895 -2.5759 -2.1637 -1.1769 0.62906 0.33216 -1.0669 -0.80417 -0.34707 -0.38339 -1.618 -1.7792 0.22002 1.4792 1.7601 1.5176 1.8434 2.4542 2.1071 1.5198 0.49877 -0.36203 0.29158 1.3094 0.92596
9.8564 8.3762 6.9152 6.174 6.0896 5.6315 4.7408 3.849 2.8804 1.8551 0.6077 -0.65999 -1.5795 -2.2491 -2.5097 -2.372 -1.9683 -1.2687 -1.0263 -1.4567 -2.3666 -3.7251 -4.7867 -5.2876 -5.0045 -4.6841 -4.3424 -3.2242 -2.9455 -3.1196 -3.2071 -3.4506 -3.1366 -2.0879 0.097205 0.1773 -1.9982 -1.7782 0.12924 0.55857 -0.81485 -0.81271 0.72411 1.3371 1.5689 1.2175 1.0146 1.4461 1.4621 1.4493 0.86936 -0.0053207 0.68459 1.8188 1.0093
9.1238 7.3691 5.7757 5.0847 4.9939 4.5774 3.7668 2.8441 1.7355 0.54789 -0.64397 -1.5945 -2.3122 -2.8344 -2.9583 -2.8056 -2.5663 -2.1156 -1.7333 -1.9042 -2.6689 -3.8533 -4.7867 -4.9159 -4.3114 -4.0786 -3.9462 -3.0117 -2.7917 -2.9914 -3.3577 -4.1277 -4.1459 -3.3396 -0.93553 -0.079011 -2.5247 -2.2961 0.62052 1.1022 0.012835 0.3674 1.0904 1.1385 1.4108 1.037 0.46032 0.81489 1.4493 2.105 1.869 0.8779 1.6031 3.0427 1.6212
8.3538 6.4122 4.6852 4.0081 3.8148 3.299 2.5568 1.6693 0.53828 -0.68562 -1.839 -2.5535 -3.1452 -3.6162 -3.6375 -3.4271 -3.1879 -2.8291 -2.3591 -2.2556 -2.5204 -3.1121 -3.7112 -3.4496 -2.655 -2.592 -2.7564 -2.2673 -2.2032 -2.4403 -3.0736 -4.2068 -4.4759 -4.0839 -2.1552 -0.98145 -3.1911 -2.718 0.62586 0.88965 0.2008 0.72304 0.86295 1.0616 1.6362 1.3863 0.57886 0.74013 1.6746 2.3069 2.0901 1.303 1.6554 2.5023 0.68459
7.5528 5.5044 3.6696 3.0171 2.7116 1.995 1.2399 0.39197 -0.67494 -1.7899 -2.8921 -3.4901 -4.0081 -4.4438 -4.384 -4.1299 -3.8308 -3.4378 -2.8995 -2.5685 -2.1594 -1.9085 -1.9992 -1.2079 -0.13455 -0.15591 -0.69417 -1.0477 -1.3841 -1.7835 -2.875 -4.2174 -4.3157 -4.085 -3.126 -2.2459 -4.0978 -3.7785 -0.55853 -0.083283 -0.39513 0.065166 0.47313 1.4151 1.8508 1.4044 0.801 1.2677 2.2396 2.1424 1.5198 0.87576 0.801 1.0968 -0.38125
6.6834 4.5859 2.6753 2.0901 1.7568 0.83625 -0.0053207 -0.84796 -1.8369 -2.7874 -3.8372 -4.415 -4.8454 -5.138 -4.949 -4.6916 -4.4139 -3.9942 -3.3983 -2.9145 -1.9021 -0.81912 -0.37164 1.0125 2.4211 2.2802 1.32 0.1709 -0.36523 -0.95796 -2.8728 -4.4994 -4.2153 -3.7368 -3.347 -2.64 -4.1544 -4.6297 -1.8786 -0.81165 -1.2121 -0.85436 0.73693 2.2449 1.916 1.4792 1.7067 2.6144 3.2809 2.5771 1.5069 0.54683 0.59809 1.3403 0.12711
5.6859 3.582 1.6394 1.1545 0.90353 -0.13668 -1.0808 -1.933 -2.8825 -3.723 -4.7386 -5.3463 -5.6613 -5.688 -5.2972 -5.043 -4.8561 -4.4812 -3.8533 -3.2712 -1.87 -0.14736 0.74547 2.5525 4.1149 3.645 2.356 1.084 1.0231 0.43042 -2.3538 -4.2238 -3.8533 -3.3524 -3.0063 -2.1381 -3.315 -4.4866 -2.1584 -0.78708 -1.9223 -1.5977 1.4599 3.3011 2.7832 3.2221 3.9729 4.1139 3.6803 2.6497 1.7152 1.0691 1.775 2.4542 0.28731
4.5144 2.4628 0.5575 0.17517 0.050214 -1.0082 -2.0131 -2.8504 -3.7945 -4.619 -5.593 -6.1996 -6.4068 -6.175 -5.6047 -5.326 -5.1743 -4.8892 -4.2783 -3.6023 -2.0334 0.10682 1.3564 3.2691 4.7023 3.848 2.5237 1.8391 2.702 2.3229 -0.8565 -2.5044 -2.4318 -2.8568 -2.9476 -2.1477 -2.8707 -3.9269 -1.9619 -0.67708 -2.0783 -1.5154 2.2129 4.1972 4.3371 5.5653 5.7148 4.477 3.3396 2.607 2.4948 3.0395 3.9847 3.3684 0.41974
3.1847 1.2752 -0.48591 -0.79135 -0.84582 -1.8775 -2.9017 -3.6888 -4.6019 -5.4445 -6.3075 -6.7913 -6.9119 -6.5766 -5.9956 -5.7115 -5.4616 -5.2406 -4.7247 -3.9366 -2.3527 0.023515 1.6212 3.3332 4.4183 3.4293 2.4638 2.6219 4.2516 4.1694 1.21 0.30973 0.26274 -1.6372 -3.1537 -3.1035 -3.1804 -3.4549 -2.0708 -0.82873 -1.178 -0.29902 2.6572 4.3189 5.0879 6.3662 5.8226 4.2912 3.7636 4.0124 4.5496 5.5524 5.9722 4.8006 2.9167
1.7953 0.13352 -1.3638 -1.6233 -1.7322 -2.765 -3.8009 -4.5293 -5.3367 -6.1366 -6.7838 -6.9856 -7.0252 -6.787 -6.4271 -6.2381 -5.797 -5.5481 -5.1711 -4.2836 -2.8056 -0.3695 1.5913 2.9241 3.5179 2.6903 2.3667 3.2734 5.2641 5.5621 3.1698 2.9957 3.5115 0.96441 -2.3613 -3.8095 -3.5499 -3.0555 -2.2513 -0.88534 0.097205 0.89499 2.3773 3.377 4.3285 5.6635 5.6208 4.8732 4.9309 5.8194 6.4912 7.116 7.4193 7.4834 7.3819
0.51158 -0.83835 -1.9907 -2.2224 -2.5108 -3.6033 -4.6703 -5.3612 -5.9775 -6.6247 -7.0017 -6.8607 -6.8319 -6.8244 -6.8212 -6.8351 -6.2114 -5.8162 -5.5407 -4.6105 -3.3321 -1.0349 1.2314 2.2011 2.3004 1.7558 2.0922 3.5478 5.6058 6.3705 4.5582 4.3745 5.7223 4.1961 0.074778 -3.1014 -3.5222 -2.8387 -2.1146 -0.67388 0.68993 1.1481 1.4963 1.6116 2.4574 4.4183 5.8643 6.3577 6.3855 7.0946 7.8903 8.4787 9.1697 10.207 10.709
-0.49659 -1.555 -2.3784 -2.5962 -3.126 -4.3146 -5.4104 -6.0789 -6.4474 -6.8639 -7.0348 -6.662 -6.6353 -6.8949 -7.2067 -7.4214 -6.7133 -6.1035 -5.8376 -4.9244 -3.8522 -1.8401 0.55857 1.335 1.1545 0.9345 1.7579 3.4987 5.4264 6.5873 5.1701 4.0103 5.4296 5.9348 3.0117 -0.89495 -2.7308 -2.6229 -1.6746 -0.3097 0.7679 0.90994 0.27983 -0.38873 1.0755 4.3072 7.1032 8.7991 8.782 8.688 9.2712 9.8874 10.402 10.794 10.627
-1.1214 -2.0003 -2.6251 -2.8643 -3.6204 -4.8871 -5.954 -6.5638 -6.6791 -6.8799 -6.992 -6.6065 -6.6887 -7.1821 -7.6414 -7.9287 -7.2537 -6.4837 -6.1515 -5.295 -4.3125 -2.5802 -0.27338 0.46139 0.26595 0.45498 1.6255 3.3577 5.0516 6.4325 5.1957 2.686 3.1356 5.1883 4.7568 1.8145 -1.0295 -1.9149 -1.0178 0.21682 0.9879 0.47634 -1.0968 -1.037 2.671 7.1117 9.8724 11.541 11.213 10.14 9.9568 10.275 10.539 10.207 9.2188
-1.3681 -2.2267 -2.8419 -3.1623 -4.0807 -5.3666 -6.3064 -6.7699 -6.6887 -6.7752 -6.9557 -6.7186 -6.9653 -7.6339 -8.1006 -8.2971 -7.7161 -6.9023 -6.4698 -5.7051 -4.6895 -3.1142 -1.0231 -0.26057 -0.39727 0.21575 1.6992 3.1869 4.6778 6.1719 4.9587 1.6671 1.0627 3.3108 4.65 3.4165 0.70061 -0.79883 -0.13668 0.95266 1.1481 -0.38445 -1.6361 1.2698 7.1865 11.139 12.411 12.865 12.084 10.92 10.428 10.508 10.805 10.304 8.8942
-1.3617 -2.3175 -3.0768 -3.5467 -4.5496 -5.7831 -6.5136 -6.7518 -6.5787 -6.6973 -6.9728 -6.8863 -7.2558 -8.044 -8.5139 -8.547 -8.0152 -7.196 -6.6279 -6.0042 -4.9885 -3.4859 -1.5475 -0.61514 -0.75184 0.098273 1.8199 2.8772 4.1715 5.7009 4.3702 1.1897 0.44323 1.9779 3.204 2.9701 1.2666 0.088662 0.75615 1.4664 0.57246 -1.226 -0.10998 5.6678 11.285 13.091 13.081 12.776 12.035 11.667 11.56 11.447 11.266 10.316 8.8696
-1.2976 -2.3581 -3.2947 -3.959 -4.9736 -6.0928 -6.6022 -6.6172 -6.4837 -6.7528 -7.0625 -7.0348 -7.4534 -8.3185 -8.8941 -8.8204 -8.232 -7.3167 -6.5339 -6.0725 -5.2288 -3.8458 -1.9266 -0.57776 -0.65892 0.1442 1.8786 2.4105 3.3983 4.8027 3.2638 0.62479 0.53828 1.4215 1.4065 1.1107 0.52653 0.2841 1.1321 1.1513 -0.53397 -0.76572 3.4368 9.7037 13.065 13.254 13.027 12.687 12.18 12.218 12.302 11.964 11.199 10.066 9.0362
-1.367 -2.4104 -3.4218 -4.2772 -5.2448 -6.2071 -6.5755 -6.4783 -6.4869 -6.9354 -7.2099 -7.2046 -7.6734 -8.578 -9.3085 -9.2466 -8.5513 -7.4395 -6.3523 -5.97 -5.3943 -4.2089 -2.31 -0.49125 -0.35028 0.24672 1.7355 1.8711 2.5354 3.6867 2.0836 -0.019204 0.55323 1.1235 -0.0031847 -0.75718 -0.68135 -0.10251 0.84372 0.29799 -0.91097 1.6426 7.6179 12.168 13.61 13.52 13.112 12.618 12.292 12.128 11.876 11.304 10.488 9.8788 9.332
-1.6788 -2.5087 -3.4164 -4.4129 -5.2961 -6.0907 -6.4591 -6.4185 -6.583 -7.132 -7.3626 -7.4769 -8.0835 -8.9646 -9.7368 -9.7517 -9.0351 -7.7535 -6.3406 -5.8579 -5.4285 -4.3937 -2.6582 -0.71446 -0.30222 0.15274 1.2624 1.2912 1.8348 2.7469 1.4268 -0.11319 0.64081 0.74867 -0.95369 -1.7013 -1.2986 -0.37911 0.5009 -0.1527 0.058758 4.7589 10.545 13.077 13.673 13.489 12.558 11.949 11.841 11.378 10.648 9.9205 9.3278 9.1729 8.7532
-2.2139 -2.656 -3.3064 -4.3659 -5.1573 -5.8205 -6.3299 -6.4805 -6.7101 -7.2142 -7.4758 -7.8699 -8.673 -9.4334 -10.029 -10.09 -9.5168 -8.2149 -6.5467 -5.8183 -5.3452 -4.3082 -2.8024 -1.1737 -0.60125 -0.10678 0.62479 0.70916 1.3297 2.0847 1.2677 0.34604 0.88644 0.13458 -1.6917 -1.5208 -0.72514 0.026719 0.63547 0.22002 1.7761 6.9184 11.324 12.631 12.793 12.255 11.289 10.9 10.77 10.073 9.1676 8.6955 8.4915 8.4285 7.934
-2.8536 -2.8323 -3.1729 -4.2078 -4.9319 -5.5631 -6.2925 -6.6492 -6.7945 -7.149 -7.5794 -8.3302 -9.2433 -9.7934 -10.065 -10.103 -9.7795 -8.5951 -6.7955 -5.8247 -5.2641 -4.1459 -2.7596 -1.5368 -0.89602 -0.24562 0.19332 0.27556 0.94518 1.602 1.2549 0.78392 0.95907 -0.57242 -2.0868 -0.56708 0.56605 0.81596 1.2026 1.4119 3.8351 8.09 10.789 11.304 11.031 10.418 9.9344 9.7699 9.5638 8.9636 8.2128 8.0857 8.1423 7.9095 7.1341
-3.4357 -3.0106 -3.1003 -4.0124 -4.7215 -5.4595 -6.395 -6.8479 -6.7966 -7.0273 -7.7653 -8.8055 -9.5926 -9.8948 -9.8948 -9.8724 -9.7688 -8.7361 -6.9194 -5.8247 -5.263 -4.1395 -2.7458 -1.6735 -0.95476 -0.19542 0.08973 0.072642 0.59275 1.1887 1.2613 1.0029 0.82236 -0.89388 -1.7974 0.52013 1.5977 1.4877 2.1349 3.3449 6.0437 8.7532 9.9365 9.7881 9.269 8.986 8.8151 8.7489 8.7436 8.3975 7.807 7.7215 7.6799 7.1491 5.9049
-3.8372 -3.1697 -3.1292 -3.8244 -4.5752 -5.5524 -6.5873 -6.9611 -6.7251 -6.9899 -8.0995 -9.2476 -9.6737 -9.7528 -9.6727 -9.5969 -9.5862 -8.6592 -6.9066 -5.797 -5.263 -4.2164 -2.8504 -1.7077 -0.88106 -0.13348 0.11857 -0.079011 0.1175 0.73693 1.2901 1.1897 0.70916 -0.6899 -0.94087 1.3681 2.2182 2.2342 3.4496 5.389 7.5613 8.6752 9.1142 8.8717 8.4456 8.3858 8.1615 8.2288 8.3025 7.8304 7.3702 7.3563 7.1042 6.2317 4.7205
-4.0305 -3.3064 -3.2595 -3.6717 -4.5133 -5.7852 -6.7518 -6.9119 -6.6396 -7.1266 -8.5235 -9.5755 -9.5637 -9.4911 -9.4858 -9.3726 -9.3267 -8.4573 -6.8137 -5.7425 -5.1754 -4.1587 -2.9284 -1.7269 -0.80844 -0.11959 0.11216 -0.40902 -0.48378 0.38449 1.3745 1.351 0.58954 -0.37377 -0.05872 2.0292 2.8857 3.251 4.7632 6.6931 7.9704 8.2726 8.923 9.0608 8.6613 8.3036 7.9127 8.1829 8.106 7.4535 7.1523 7.1064 6.4848 5.1124 3.6643
-4.0765 -3.4453 -3.4634 -3.6087 -4.5827 -6.0853 -6.8009 -6.7304 -6.6364 -7.4331 -8.8685 -9.6652 -9.3523 -9.2231 -9.3267 -9.1793 -9.0308 -8.1989 -6.6684 -5.6752 -5.0654 -3.9718 -2.8632 -1.7023 -0.74543 -0.072603 0.066234 -0.87679 -0.85757 0.55537 1.571 1.2453 0.28303 -0.20824 0.52974 2.4938 3.5254 4.0915 5.5717 7.1074 7.8903 8.4776 9.6086 9.7699 9.0095 8.1669 7.8166 8.2907 8.1476 7.6414 7.3125 6.865 5.8942 4.2751 3.0438
-4.0829 -3.6108 -3.7198 -3.7208 -4.8721 -6.4239 -6.7496 -6.5542 -6.8073 -7.8293 -8.9774 -9.4356 -9.0778 -9.0105 -9.19 -9.0169 -8.7585 -7.9522 -6.5125 -5.6176 -5.0526 -3.8543 -2.7329 -1.6137 -0.68883 -0.016 0.0021552 -1.1897 -0.65999 1.2314 1.6458 0.70275 -0.10678 0.071574 0.9313 2.6123 3.801 4.4717 5.8387 6.9558 7.7002 9.0565 10.393 10.153 9.0084 7.9981 7.8732 8.389 8.1551 7.6628 7.116 6.4015 5.4328 4.0637 3.0224
-4.132 -3.8105 -4.0145 -4.0871 -5.4435 -6.8084 -6.6973 -6.552 -7.1747 -8.1925 -8.8151 -8.9411 -8.7553 -8.8578 -9.1056 -8.9443 -8.5887 -7.7962 -6.4324 -5.6047 -5.1145 -3.8522 -2.6101 -1.4652 -0.61514 0.0096311 -0.038428 -1.0915 -0.024544 1.6746 1.1673 -0.03202 -0.19008 0.73479 1.335 2.4745 3.8512 4.65 5.7479 6.4613 7.3734 9.3352 10.687 10.207 8.9241 7.9009 7.7429 8.0291 7.666 6.9643 6.315 5.6625 4.697 3.613 2.7063
-4.2452 -4.0295 -4.3349 -4.7034 -6.2445 -7.2185 -6.7443 -6.8019 -7.6392 -8.3761 -8.4456 -8.343 -8.405 -8.7318 -9.0682 -8.9432 -8.5086 -7.7332 -6.4783 -5.6678 -5.1498 -3.8255 -2.4467 -1.2388 -0.45174 0.11002 0.048078 -0.62261 0.6045 1.3585 0.24779 -0.38979 0.20721 1.4963 1.6789 2.341 3.8939 4.7354 5.4521 5.985 7.226 9.3513 10.461 9.8447 8.5417 7.5058 7.0252 6.9248 6.6001 5.985 5.5215 4.9085 3.7657 2.8836 2.1531
-4.3915 -4.2431 -4.6692 -5.4638 -7.0871 -7.5741 -6.9152 -7.2366 -8.0088 -8.2512 -7.9468 -7.8005 -8.0611 -8.5876 -8.9988 -8.8792 -8.3911 -7.6595 -6.5702 -5.8034 -5.1818 -3.7465 -2.2096 -0.94728 -0.2093 0.3407 0.26381 -0.10251 0.9313 0.65469 -0.40795 -0.12066 0.68459 1.759 1.8102 2.466 4.0402 4.8166 5.4286 6.048 7.4588 9.2509 9.7571 8.8504 7.6681 6.8703 6.2082 5.7757 5.4617 5.1477 4.9704 4.2858 3.0534 2.2887 1.6554
-4.5282 -4.4503 -5.0216 -6.2135 -7.7332 -7.7717 -7.1512 -7.6756 -8.106 -7.7749 -7.368 -7.3712 -7.7621 -8.4285 -8.8343 -8.6282 -8.1273 -7.4812 -6.5691 -5.939 -5.3121 -3.7433 -1.9512 -0.64504 -0.02668 0.54683 0.46673 0.16342 0.92382 0.20294 -0.38766 0.41867 0.81916 1.4429 1.869 3.1399 4.6767 5.3356 6.1035 6.7262 7.871 9.1184 9.0106 7.8497 6.9697 6.4656 5.7746 5.2289 4.7472 4.4663 4.3104 3.5382 2.4211 1.6223 0.9879
-4.6468 -4.6884 -5.4253 -6.8404 -8.0429 -7.7759 -7.3755 -7.9447 -7.8849 -7.0711 -6.7678 -7.039 -7.5378 -8.3025 -8.6068 -8.2074 -7.714 -7.1864 -6.4111 -5.9604 -5.483 -3.8244 -1.713 -0.3663 0.04167 0.60663 0.57246 0.14954 0.67819 0.13672 0.044874 0.84906 0.81702 1.1545 2.1232 4.2858 5.8568 6.2221 6.9686 7.5336 8.421 9.1943 8.5951 7.3317 6.7497 6.2776 5.5097 5.0484 4.3745 3.8437 3.487 2.702 1.7846 0.98683 0.50624
-4.7899 -5.0174 -5.9251 -7.3381 -8.075 -7.6777 -7.5485 -7.9575 -7.4534 -6.3993 -6.269 -6.7785 -7.3861 -8.233 -8.3751 -7.7108 -7.18 -6.7859 -6.1302 -5.8023 -5.4947 -3.8095 -1.4823 -0.13989 0.10468 0.62906 0.64081 0.0096311 0.31614 0.2275 0.46352 1.099 1.0349 1.2698 2.4628 5.153 6.6909 6.6792 7.2783 8.1017 9.0896 9.3641 8.2886 7.0369 6.6461 6.1623 5.4328 5.043 4.0605 3.1196 2.6646 2.0698 1.1972 0.32148 0.087594
-5.0216 -5.4798 -6.5403 -7.7813 -8.0376 -7.6435 -7.6798 -7.7418 -6.991 -6.0031 -5.9913 -6.5691 -7.258 -8.1583 -8.1252 -7.1811 -6.4986 -6.2071 -5.7414 -5.4873 -5.263 -3.5799 -1.2527 -0.029884 0.21682 0.72731 0.70702 -0.17406 -0.060856 0.34925 0.70275 1.1577 1.3083 1.5101 2.6294 5.1957 6.4944 6.4752 7.258 8.4787 9.4773 9.253 8.0387 6.9729 6.5927 6.1292 5.5695 5.2128 3.8586 2.3496 1.8444 1.6426 0.81382 -0.27232 -0.47523
-5.3783 -6.0586 -7.2249 -8.2416 -8.1551 -7.8037 -7.7834 -7.3904 -6.6332 -5.9476 -5.9315 -6.3609 -7.0657 -7.9885 -7.7994 -6.6097 -5.6624 -5.389 -5.1893 -5.0611 -4.902 -3.2263 -1.006 -0.013865 0.30119 0.82236 0.72411 -0.36309 -0.36309 0.51372 0.85227 1.146 1.4952 1.6714 2.7565 4.8508 5.7938 6.2295 7.4631 8.7158 9.3523 8.9241 8.0056 7.1341 6.5905 5.9262 5.2427 4.9832 3.739 1.9363 1.3051 1.3916 0.77217 -0.42504 -0.9099
-5.8354 -6.6717 -7.8667 -8.7115 -8.5 -8.1455 -7.8347 -7.0027 -6.4025 -6.0768 -5.9241 -6.0501 -6.7475 -7.7087 -7.4075 -6.0138 -4.7771 -4.4268 -4.4599 -4.5293 -4.5271 -2.8974 -0.70271 0.070506 0.32896 0.78285 0.68246 -0.41756 -0.503 0.67605 1.0498 1.4375 1.9352 1.9245 3.0459 4.7653 5.4595 6.3684 7.8497 8.8536 9.1366 8.7137 7.9543 7.1299 6.4912 5.3752 4.1128 3.912 3.2841 1.8263 1.1994 1.1951 0.59916 -0.57989 -1.3296
-6.3021 -7.2024 -8.3366 -9.0906 -8.9571 -8.5086 -7.7674 -6.6311 -6.237 -6.1473 -5.7532 -5.5556 -6.3 -7.3989 -7.0444 -5.4477 -3.9803 -3.519 -3.6696 -3.9237 -4.1245 -2.6443 -0.41009 0.2841 0.37702 0.62372 0.58848 -0.26591 -0.45814 0.68459 1.2079 2.0655 2.6593 2.2054 3.3033 4.9213 5.6496 6.8468 8.2737 9.0512 9.1451 8.6069 7.7471 7.0359 6.2808 4.4951 2.7842 2.702 2.4777 1.4802 1.0701 0.86295 0.19119 -0.6397 -1.1609
-6.661 -7.5506 -8.5481 -9.2487 -9.2903 -8.6741 -7.5154 -6.2808 -6.0629 -6.0084 -5.3292 -4.8924 -5.7671 -7.101 -6.7539 -4.8999 -3.2669 -2.7468 -2.9551 -3.3534 -3.6599 -2.4542 -0.31397 0.45071 0.47954 0.471 0.39517 -0.093963 -0.35669 0.42614 1.0595 2.451 3.0779 2.2524 3.3535 4.9651 5.8985 7.3702 8.6656 9.1697 9.0426 8.3858 7.5368 6.9269 5.655 3.268 1.9469 2.278 1.9299 1.0659 0.9313 0.68139 0.12497 -0.15377 -0.20824
-6.8148 -7.667 -8.4915 -9.1066 -9.2893 -8.4947 -7.0657 -5.923 -5.8258 -5.6678 -4.7322 -4.1736 -5.1797 -6.7197 -6.441 -4.2965 -2.5097 -2.0131 -2.326 -2.907 -3.1794 -2.2769 -0.43678 0.4443 0.58207 0.41546 0.097205 -0.16018 -0.39193 -0.013865 0.60022 2.2396 2.9177 2.167 3.3033 4.6885 5.7404 7.4759 8.6752 8.8984 8.6507 8.043 7.0476 6.1356 4.4984 2.3955 2.0046 2.5557 1.9032 1.1727 1.146 0.67178 0.15808 0.16235 0.34498
-6.724 -7.5506 -8.2106 -8.673 -8.8749 -7.9714 -6.4837 -5.53 -5.5022 -5.2256 -4.1128 -3.5179 -4.5357 -6.0682 -5.9337 -3.613 -1.6735 -1.2442 -1.6917 -2.5236 -2.7137 -2.0089 -0.49125 0.44537 0.63547 0.40585 -0.22105 -0.50086 -0.6664 -0.45814 0.15488 1.7301 2.5269 2.1488 3.0737 4.0306 5.2118 7.0626 8.1594 8.3495 8.1284 7.3221 5.718 4.555 3.6611 2.7842 2.796 2.8772 2.1296 1.5977 1.2036 0.26808 -0.082215 0.21575 0.62906
-6.4164 -7.2195 -7.7524 -8.028 -8.1305 -7.2302 -5.8792 -5.1028 -5.0921 -4.7557 -3.5425 -2.9455 -3.8073 -5.0195 -5.122 -2.9209 -0.88427 -0.53931 -1.0423 -2.0655 -2.2118 -1.5656 -0.21785 0.6643 0.61731 0.27663 -0.55106 -0.97505 -1.1117 -0.83941 -0.12707 1.2047 2.0911 2.0206 2.4585 3.1399 4.6756 6.4346 7.2933 7.5058 7.0017 5.5866 3.7828 3.33 3.7166 3.6835 3.3257 2.8505 2.2556 1.6169 0.69634 -0.15697 0.13565 0.73586 1.2389
-5.9689 -6.7016 -7.1352 -7.2783 -7.2452 -6.4516 -5.3527 -4.6873 -4.6372 -4.2879 -2.9957 -2.3858 -2.9828 -3.5948 -3.991 -2.2823 -0.24882 -0.03202 -0.503 -1.5037 -1.6308 -0.99107 0.2574 0.97936 0.4977 -0.098235 -1.0274 -1.4738 -1.5336 -1.1737 -0.4197 0.58314 1.4525 1.587 1.6821 2.3378 4.1342 5.529 5.9337 5.8814 4.8486 3.2712 2.5108 3.346 4.0829 3.7967 3.0972 2.5653 2.0174 1.0958 0.32896 0.31828 1.0477 1.3126 1.3841
-5.4734 -6.0298 -6.3619 -6.5232 -6.4303 -5.7852 -4.9405 -4.3413 -4.2281 -3.849 -2.4499 -1.7856 -2.1039 -1.9384 -2.5792 -1.6671 0.28197 0.34391 -0.126 -0.93553 -1.0477 -0.44533 0.60663 1.0819 0.26488 -0.66106 -1.7301 -1.9918 -1.7867 -1.4375 -0.8266 -0.10571 0.6643 0.97402 1.1417 1.8081 3.3332 4.1748 4.1651 3.8383 2.8109 2.0644 2.6796 4.0295 4.1715 3.4603 2.8761 2.4286 1.7334 0.86722 0.82023 1.3478 1.633 1.225 0.86722
-5.0131 -5.2769 -5.4712 -5.8365 -5.8408 -5.2993 -4.6008 -4.0989 -3.959 -3.503 -1.9597 -1.1886 -1.2826 -0.27979 -0.98466 -1.0455 0.7743 0.79032 0.23497 -0.40688 -0.59805 -0.096099 0.68887 0.88644 -0.05338 -1.2634 -2.5225 -2.5439 -1.9672 -1.6511 -1.2559 -0.63009 0.017107 0.37168 0.86936 1.5486 2.5119 2.9338 2.9071 2.7511 2.3346 2.5172 3.4475 4.2848 4.0754 3.5211 3.0833 2.6219 2.0783 1.6885 1.9875 2.0943 1.4984 0.72518 0.37488
-4.6372 -4.5603 -4.5741 -5.2715 -5.5193 -4.9725 -4.2516 -3.9312 -3.8746 -3.299 -1.6062 -0.69096 -0.68456 1.0627 0.57032 -0.50834 1.1097 1.3596 0.75295 0.14526 -0.33426 -0.045904 0.56712 0.54896 -0.44106 -1.8059 -3.1452 -3.0907 -2.3111 -1.9555 -1.6863 -0.95582 -0.36309 -0.076875 0.81809 1.6458 2.1947 2.4297 2.7159 3.0512 3.0801 3.3866 3.8287 4.1844 4.2623 4.0178 3.5179 3.189 3.0683 3 2.9605 2.2962 1.2154 0.45605 0.40478
-4.3488 -4.006 -3.8255 -4.8347 -5.3751 -4.7194 -3.8255 -3.7764 -3.9344 -3.2199 -1.3916 -0.32892 -0.44853 1.7301 1.7462 -0.19542 1.0851 1.8455 1.3457 0.69955 -0.20396 -0.26377 0.29051 0.17837 -0.87572 -2.2385 -3.4325 -3.5329 -2.8835 -2.4392 -2.1883 -1.241 -0.5564 -0.26164 1.0744 2.1274 2.372 2.435 2.9904 3.7059 3.7251 3.7679 4.1331 4.6852 5.1199 4.9843 4.5304 4.3841 4.2196 3.8522 3.1869 2.0142 1.0926 0.81275 1.2111
-4.1053 -3.6973 -3.3556 -4.4834 -5.216 -4.4225 -3.3235 -3.5905 -4.0476 -3.1879 -1.2164 -0.02134 -0.58417 1.4738 2.23 -0.14202 0.67819 2.0185 1.7131 1.0189 -0.15377 -0.55213 -0.083283 -0.236 -1.2805 -2.5001 -3.4485 -3.8255 -3.5104 -3.0117 -2.6945 -1.4695 -0.66106 -0.33746 1.43 2.6625 2.5739 2.4436 3.0673 3.8458 3.8298 4.0231 4.9715 5.9754 6.4741 6.394 6.0928 5.812 5.0996 4.1972 3.1036 1.8231 1.3948 1.7675 2.3571
-3.8468 -3.614 -3.19 -4.1384 -4.8337 -3.9761 -2.8088 -3.3801 -4.1363 -3.142 -1.0028 0.32682 -0.94514 0.32682 1.8679 -0.30756 0.050214 1.8369 1.6725 0.89178 -0.20717 -0.69096 -0.41115 -0.67281 -1.5678 -2.5813 -3.4079 -4.0466 -4.053 -3.5478 -3.0352 -1.5272 -0.76679 -0.54251 1.4952 2.828 2.5205 2.3773 2.9797 3.645 3.9526 4.7856 6.3011 7.4075 7.6649 7.5165 7.1149 6.4827 5.4585 4.3552 3.1922 2.2054 2.2118 2.7469 3.048
-3.5307 -3.6429 -3.2413 -3.7347 -4.1213 -3.3331 -2.3613 -3.1836 -4.1544 -3.0747 -0.80844 0.67605 -1.3275 -1.3787 0.68459 -0.77106 -0.75291 1.3307 1.3435 0.45818 -0.37164 -0.6963 -0.62795 -1.084 -1.7493 -2.5642 -3.4453 -4.2772 -4.5357 -4.0263 -3.1708 -1.5411 -0.95048 -0.67388 1.3905 2.5963 2.3378 2.4436 3.0673 3.7347 4.697 6.1772 7.6895 8.3441 8.09 7.6692 7.0658 6.3267 5.4489 4.4417 3.3951 2.8067 2.9423 3.1185 3.047
-3.1794 -3.6429 -3.3609 -3.2797 -3.1484 -2.5322 -2.0174 -3.0095 -4.0551 -2.9967 -0.78815 0.82664 -1.5998 -3.1751 -1.1619 -1.7525 -1.901 0.4411 0.92809 0.12818 -0.52329 -0.79135 -0.92272 -1.5229 -1.9341 -2.5386 -3.5211 -4.4962 -4.9821 -4.4225 -3.1633 -1.6927 -1.178 -0.33212 1.5283 2.2481 2.3314 2.906 3.6141 4.4866 6.0362 7.6542 8.514 8.3666 7.6115 7.0177 6.4538 5.8835 5.1915 4.3755 3.6162 3.2648 3.1976 2.9039 2.6112
-2.8985 -3.5414 -3.4314 -2.8686 -2.1434 -1.682 -1.7397 -2.8088 -3.7796 -2.8483 -1.0082 0.58207 -1.7589 -4.6542 -3.3855 -3.3396 -3.4464 -0.84048 0.42935 0.11002 -0.46348 -1.0583 -1.5037 -2.1221 -2.2246 -2.5525 -3.5863 -4.6542 -5.2459 -4.5773 -2.9786 -1.7803 -1.2185 0.35566 1.8241 1.9865 2.6625 3.7988 4.6372 5.7191 7.3936 8.5492 8.5043 7.6873 6.8063 6.2627 5.7532 5.2897 4.6564 4.0669 3.7016 3.4453 3.0416 2.4083 2.0548
-2.8558 -3.3972 -3.4367 -2.6229 -1.3745 -0.91524 -1.4439 -2.5076 -3.283 -2.5076 -1.3382 -0.055516 -1.8519 -5.5577 -5.5567 -5.2598 -5.0526 -2.2011 -0.22319 0.17196 -0.17406 -1.2773 -2.2502 -2.8782 -2.6261 -2.6304 -3.6973 -4.7472 -5.1231 -4.3499 -2.6155 -1.4482 -0.84369 0.86402 1.8829 1.9331 3.2093 4.7472 5.8056 6.9718 8.2843 8.7521 8.0782 7.0348 6.2979 5.7543 5.0697 4.6148 4.1352 3.7369 3.5446 3.2734 2.6742 1.9587 1.6671
-3.2007 -3.3769 -3.4581 -2.6123 -0.99641 -0.33426 -1.0583 -2.058 -2.593 -1.8967 -1.54 -0.87679 -1.8978 -5.7735 -7.1768 -7.0145 -6.2637 -3.1398 -0.86611 0.0053591 0.086526 -1.2538 -2.8024 -3.566 -3.0395 -2.7917 -3.8842 -4.7739 -4.6767 -3.9259 -2.3613 -0.90242 -0.21251 1.0018 1.7536 2.2214 3.7796 5.4222 6.8201 7.9351 8.6208 8.4841 7.572 6.6162 5.9668 5.2726 4.4044 3.9313 3.6344 3.4037 3.2542 3.0149 2.4617 1.8765 1.5785
-3.991 -3.6728 -3.6204 -2.7992 -0.97398 0.017107 -0.58844 -1.4759 -1.8134 -1.0936 -1.493 -1.6361 -1.8988 -5.3271 -7.8187 -8.1412 -6.9568 -3.4795 -1.1406 -0.28834 0.060894 -1.132 -3.0021 -3.943 -3.3545 -3.0704 -4.1106 -4.7973 -4.3755 -3.7753 -2.5418 -0.75931 0.2275 1.1054 1.8519 2.7586 4.2591 5.8632 7.5496 8.436 8.4873 7.9276 6.9675 6.2007 5.5695 4.7504 3.8693 3.2809 2.906 2.7842 2.7981 2.764 2.3357 1.8401 1.461
-5.1316 -4.3819 -4.0231 -3.0683 -1.132 0.13886 -0.13241 -0.8298 -1.0594 -0.32037 -1.32 -2.2363 -1.8903 -4.3883 -7.2494 -8.2309 -7.1875 -3.5008 -0.92058 -0.31076 -0.18261 -1.1886 -3.0095 -3.9793 -3.5692 -3.5499 -4.4332 -4.996 -4.6852 -4.1235 -2.9604 -1.0562 0.38129 1.5176 2.2791 3.1676 4.555 6.1687 7.8433 8.3869 8.0398 7.2975 6.3994 5.8141 5.2107 4.3435 3.5244 2.8259 2.23 2.042 2.1178 2.2844 2.0345 1.6031 1.2047
-6.3983 -5.4467 -4.6873 -3.315 -1.2837 0.048078 0.15488 -0.21037 -0.39941 0.18798 -1.2869 -2.7169 -1.9191 -3.2199 -5.4777 -6.8084 -6.5745 -3.3321 -0.47203 0.065166 -0.35775 -1.4151 -2.9893 -3.834 -3.7614 -4.2046 -4.9319 -5.4755 -5.4381 -4.5549 -3.0095 -1.1032 0.64294 2.136 2.6721 3.2221 4.6735 6.3545 7.7386 7.9971 7.5015 6.7326 5.985 5.4894 4.8689 3.9697 3.1207 2.3741 1.6661 1.3564 1.3232 1.5539 1.6127 1.4162 1.1
-7.5218 -6.6663 -5.5535 -3.5286 -1.3467 -0.22212 0.14954 0.27556 0.13672 0.30119 -1.5806 -3.0982 -1.9352 -2.042 -2.7949 -3.614 -4.3071 -2.4446 -0.039496 0.47313 -0.36096 -1.571 -2.9081 -3.6621 -3.9301 -4.7365 -5.4873 -6.1035 -5.9187 -4.3755 -2.4115 -0.46776 1.3072 2.608 2.7704 3.1388 4.7419 6.4741 7.54 7.5934 7.0231 6.2317 5.6123 5.0847 4.398 3.487 2.4841 1.65 0.94518 0.63974 0.56178 0.72625 0.9911 1.0552 0.94839
-8.2864 -7.7749 -6.5029 -3.7924 -1.3638 -0.59164 -0.15911 0.5276 0.48809 0.021379 -2.1701 -3.2894 -1.7568 -0.91097 0.22002 0.74761 -0.27445 -0.22105 0.53615 0.53508 -0.39941 -1.6084 -2.765 -3.5628 -4.0177 -4.8091 -5.8685 -6.7347 -5.7329 -3.3801 -1.4663 0.54896 2.2727 2.922 2.8579 3.3161 4.8273 6.5179 7.3872 7.2196 6.6087 5.7981 5.1242 4.4514 3.6728 2.7458 1.6169 0.801 0.24993 -0.0074566 -0.10678 -0.068331 0.21255 0.44003 0.59809
-8.6229 -8.5556 -7.3861 -4.2217 -1.4578 -0.9398 -0.64077 0.46993 0.53935 -0.57242 -2.8547 -3.1623 -1.21 0.2574 2.891 4.7013 4.0081 2.8569 1.4728 0.30546 -0.68776 -1.8027 -2.8098 -3.6632 -4.0818 -4.4983 -6.0373 -7.3285 -5.2085 -2.0868 -0.59591 1.4397 3.252 3.4336 3.4133 3.9088 4.9266 6.4303 7.2025 6.8073 6.19 5.3324 4.3926 3.5244 2.6273 1.6543 0.58634 -0.034156 -0.3663 -0.6397 -0.79563 -0.80844 -0.51688 -0.11532 0.23391
-8.5962 -8.9037 -8.0611 -4.8678 -1.7515 -1.179 -1.1075 0.10255 0.19866 -1.3488 -3.3908 -2.6988 -0.33319 1.5176 4.8006 6.7294 6.2605 5.1135 2.4404 0.043806 -1.1705 -2.3538 -3.2968 -4.054 -4.2612 -4.1811 -6.0106 -7.589 -4.7397 -1.2143 -0.019204 1.9608 3.9494 4.2378 4.3681 4.6489 5.1039 6.3054 6.9697 6.4293 5.6998 4.6906 3.5254 2.5696 1.5646 0.59595 -0.21144 -0.69951 -1.021 -1.336 -1.4482 -1.4279 -1.21 -0.71766 -0.25416
-8.3516 -8.8439 -8.4285 -5.6848 -2.3495 -1.3649 -1.4578 -0.49339 -0.49446 -2.1285 -3.598 -2.0238 0.60556 2.7597 6.0245 6.7368 5.6379 5.2513 2.7469 -0.24028 -1.6799 -3.0672 -4.0572 -4.5976 -4.4962 -3.9739 -5.5898 -6.9344 -4.1608 -0.99 0.24565 2.1499 4.2292 5.027 5.1498 5.0815 5.3784 6.2659 6.6877 6.0918 5.1381 4.006 2.859 1.9202 0.88324 0.036331 -0.4731 -0.96971 -1.4514 -1.8262 -1.8988 -1.8593 -1.7664 -1.32 -0.81165
-8.0173 -8.4894 -8.453 -6.5531 -3.3203 -1.7472 -1.8027 -1.2207 -1.3617 -2.7084 -3.4047 -1.2976 1.3158 3.739 6.9034 6.1537 3.7881 3.9206 2.2855 -0.70485 -2.2107 -3.6236 -4.6211 -4.9757 -4.5336 -3.6055 -4.6083 -5.2384 -3.1185 -0.99641 0.41226 2.2727 4.3136 5.6176 5.4841 5.0857 5.6528 6.3 6.3374 5.702 4.6009 3.5094 2.466 1.5347 0.69314 0.086526 -0.35455 -0.97398 -1.5774 -2.0612 -2.2566 -2.2406 -2.1413 -1.7515 -1.3115
-7.6478 -7.9746 -8.1828 -7.3306 -4.6703 -2.6539 -2.4136 -2.043 -2.2043 -2.9743 -2.8718 -0.61727 1.7184 4.2516 7.5795 6.4634 3.2744 3.1794 1.9341 -1.1801 -2.8728 -4.0305 -4.7835 -5.0259 -4.2409 -2.8558 -3.2659 -3.2071 -1.713 -0.65252 0.80634 2.608 4.5251 6.0491 5.6315 5.0387 5.8814 6.3481 6.0031 5.2833 4.1534 3.1709 2.2225 1.4311 1.0296 0.64188 -0.016 -0.85757 -1.5464 -2.1242 -2.4435 -2.5076 -2.4425 -2.1359 -1.8027
-7.2249 -7.4054 -7.7076 -7.887 -6.2669 -4.2324 -3.5147 -2.9861 -2.9316 -2.9658 -2.1755 -0.027748 1.9491 4.304 7.8176 7.7279 4.9779 4.2933 2.655 -1.1224 -3.5564 -4.5442 -4.7792 -4.8123 -3.645 -1.7205 -1.838 -1.5998 -0.39727 0.15594 1.4728 3.1805 4.9287 6.2968 5.8472 5.3303 6.1099 6.3278 5.6988 4.8444 3.7326 2.8836 2.2353 1.8444 1.7109 1.2378 0.34284 -0.58096 -1.3275 -1.964 -2.3143 -2.4969 -2.6123 -2.4403 -2.152
-6.7101 -6.8351 -7.1266 -8.1156 -7.7898 -6.2413 -5.0441 -4.038 -3.5574 -2.8269 -1.5101 0.43469 2.1584 4.1117 7.3862 8.7745 7.4406 6.4656 4.3627 -0.16765 -3.8009 -5.0579 -4.7333 -4.2826 -2.6432 -0.23707 -0.34601 -0.51048 0.46459 0.96975 2.1061 3.8544 5.4905 6.3855 6.1356 5.9476 6.3524 6.1676 5.2983 4.3189 3.3524 2.7874 2.6262 2.5909 2.278 1.4888 0.55216 -0.26484 -1.0434 -1.7365 -2.1156 -2.3933 -2.6614 -2.6678 -2.4158
-6.1046 -6.2733 -6.4933 -7.9297 -8.8108 -8.0835 -6.5937 -5.0494 -4.0733 -2.6507 -0.95048 0.77324 2.3603 3.9248 6.4987 8.7169 8.7521 7.9789 6.0501 1.4482 -3.0907 -4.8753 -4.226 -3.1228 -1.037 1.4279 1.0669 0.2307 0.76256 1.3339 2.4799 4.508 6.1569 6.5254 6.4965 6.645 6.5649 5.9006 4.8102 3.8116 3.2029 3.0641 3.1943 3.1121 2.4799 1.5881 0.74761 -0.061924 -0.93233 -1.6116 -1.9928 -2.3303 -2.6678 -2.8611 -2.6507
-5.4712 -5.7051 -5.813 -7.3092 -8.9828 -9.1077 -7.6264 -5.7553 -4.368 -2.3944 -0.41329 1.0787 2.482 3.848 5.7404 7.933 8.5983 8.1775 6.96 3.1484 -1.3478 -3.3972 -2.7447 -1.1833 1.0253 2.8013 1.885 0.60556 0.73265 1.445 2.7939 4.9725 6.6055 6.7956 7.0145 7.2634 6.676 5.5695 4.3894 3.581 3.3941 3.5446 3.5884 3.189 2.3805 1.6137 0.85761 -0.03202 -0.94728 -1.5389 -1.9138 -2.3228 -2.6518 -2.9028 -2.6753
-4.8967 -5.1081 -5.0654 -6.3299 -8.2491 -8.9881 -7.7984 -5.9326 -4.2762 -1.949 0.20507 1.4856 2.5215 3.8202 5.5065 7.4268 8.1348 7.87 7.2548 4.5432 0.89499 -0.94728 -0.46989 1.1342 3.0085 3.5361 1.9694 0.84693 1.0584 2.0804 3.5147 5.1808 6.5446 7.101 7.6852 7.7258 6.6087 5.1968 4.1918 3.7764 3.8063 3.8373 3.5991 3.0427 2.2438 1.5465 0.80741 -0.033088 -0.80844 -1.335 -1.7846 -2.2673 -2.546 -2.7586 -2.5386
